# Chunk-averaged data for fix massdensity and group all
# Timestep Number-of-chunks Total-count
# Chunk Coord1 Ncount density/mass
0 100 186
  1 0.005 2 0.237812
  2 0.015 1 1.41693
  3 0.025 1 0.118906
  4 0.035 3 2.95277
  5 0.045 2 1.53584
  6 0.055 1 1.41693
  7 0.065 4 0.475624
  8 0.075 1 0.118906
  9 0.085 4 1.77365
  10 0.095 2 0.237812
  11 0.105 1 0.118906
  12 0.115 1 1.41693
  13 0.125 1 0.118906
  14 0.135 0 0
  15 0.145 0 0
  16 0.155 2 1.53584
  17 0.165 2 0.237812
  18 0.175 3 2.95277
  19 0.185 3 2.95277
  20 0.195 2 0.237812
  21 0.205 1 0.118906
  22 0.215 3 2.95277
  23 0.225 2 1.53584
  24 0.235 2 0.237812
  25 0.245 2 0.237812
  26 0.255 2 1.53584
  27 0.265 1 1.41693
  28 0.275 2 1.53584
  29 0.285 0 0
  30 0.295 1 0.118906
  31 0.305 4 0.475624
  32 0.315 2 1.53584
  33 0.325 3 0.356718
  34 0.335 1 1.41693
  35 0.345 1 0.118906
  36 0.355 3 1.65474
  37 0.365 0 0
  38 0.375 2 0.237812
  39 0.385 4 3.07167
  40 0.395 2 0.237812
  41 0.405 4 3.07167
  42 0.415 1 0.118906
  43 0.425 1 1.41693
  44 0.435 1 0.118906
  45 0.445 0 0
  46 0.455 4 1.77365
  47 0.465 3 1.65474
  48 0.475 0 0
  49 0.485 0 0
  50 0.495 2 1.53584
  51 0.505 2 1.53584
  52 0.515 1 0.118906
  53 0.525 3 0.356718
  54 0.535 1 1.41693
  55 0.545 4 3.07167
  56 0.555 2 2.83386
  57 0.565 4 1.77365
  58 0.575 0 0
  59 0.585 4 1.77365
  60 0.595 2 0.237812
  61 0.605 2 0.237812
  62 0.615 1 0.118906
  63 0.625 1 1.41693
  64 0.635 2 1.53584
  65 0.645 3 1.65474
  66 0.655 1 0.118906
  67 0.665 1 1.41693
  68 0.675 1 0.118906
  69 0.685 1 0.118906
  70 0.695 1 1.41693
  71 0.705 1 0.118906
  72 0.715 3 0.356718
  73 0.725 2 2.83386
  74 0.735 4 1.77365
  75 0.745 3 0.356718
  76 0.755 3 2.95277
  77 0.765 1 1.41693
  78 0.775 1 0.118906
  79 0.785 1 0.118906
  80 0.795 2 0.237812
  81 0.805 2 0.237812
  82 0.815 1 1.41693
  83 0.825 4 1.77365
  84 0.835 1 1.41693
  85 0.845 2 0.237812
  86 0.855 3 0.356718
  87 0.865 0 0
  88 0.875 1 0.118906
  89 0.885 1 0.118906
  90 0.895 1 1.41693
  91 0.905 3 2.95277
  92 0.915 4 3.07167
  93 0.925 0 0
  94 0.935 4 1.77365
  95 0.945 0 0
  96 0.955 0 0
  97 0.965 3 1.65474
  98 0.975 2 1.53584
  99 0.985 2 1.53584
  100 0.995 4 0.475624
1000 100 186
  1 0.005 1 1.02463
  2 0.015 1 0.0859851
  3 0.025 1 0.0859851
  4 0.035 4 1.28259
  5 0.045 0 0
  6 0.055 1 0.0859851
  7 0.065 0 0
  8 0.075 3 1.1966
  9 0.085 1 0.0859851
  10 0.095 1 0.0859851
  11 0.105 4 1.28259
  12 0.115 0 0
  13 0.125 1 0.0859851
  14 0.135 1 1.02463
  15 0.145 0 0
  16 0.155 4 1.28259
  17 0.165 1 1.02463
  18 0.175 3 1.1966
  19 0.185 2 1.11062
  20 0.195 2 1.11062
  21 0.205 4 0.34394
  22 0.215 2 2.04926
  23 0.225 1 1.02463
  24 0.235 3 1.1966
  25 0.245 2 0.17197
  26 0.255 2 1.11062
  27 0.265 0 0
  28 0.275 0 0
  29 0.285 4 1.28259
  30 0.295 1 0.0859851
  31 0.305 4 1.28259
  32 0.315 3 0.257955
  33 0.325 3 3.07389
  34 0.335 1 0.0859851
  35 0.345 1 1.02463
  36 0.355 2 0.17197
  37 0.365 2 0.17197
  38 0.375 2 1.11062
  39 0.385 2 0.17197
  40 0.395 2 0.17197
  41 0.405 3 1.1966
  42 0.415 3 2.13525
  43 0.425 0 0
  44 0.435 1 0.0859851
  45 0.445 1 1.02463
  46 0.455 3 1.1966
  47 0.465 2 0.17197
  48 0.475 2 1.11062
  49 0.485 2 1.11062
  50 0.495 3 2.13525
  51 0.505 3 0.257955
  52 0.515 4 1.28259
  53 0.525 2 1.11062
  54 0.535 2 0.17197
  55 0.545 4 2.22123
  56 0.555 1 0.0859851
  57 0.565 2 1.11062
  58 0.575 2 1.11062
  59 0.585 2 0.17197
  60 0.595 3 2.13525
  61 0.605 1 0.0859851
  62 0.615 2 0.17197
  63 0.625 2 0.17197
  64 0.635 1 1.02463
  65 0.645 2 1.11062
  66 0.655 3 2.13525
  67 0.665 2 0.17197
  68 0.675 2 1.11062
  69 0.685 1 0.0859851
  70 0.695 1 0.0859851
  71 0.705 0 0
  72 0.715 1 0.0859851
  73 0.725 5 2.30722
  74 0.735 2 0.17197
  75 0.745 1 1.02463
  76 0.755 1 0.0859851
  77 0.765 3 0.257955
  78 0.775 2 0.17197
  79 0.785 0 0
  80 0.795 1 1.02463
  81 0.805 1 0.0859851
  82 0.815 2 2.04926
  83 0.825 1 0.0859851
  84 0.835 4 1.28259
  85 0.845 1 1.02463
  86 0.855 0 0
  87 0.865 3 0.257955
  88 0.875 2 0.17197
  89 0.885 2 1.11062
  90 0.895 1 1.02463
  91 0.905 2 1.11062
  92 0.915 2 1.11062
  93 0.925 0 0
  94 0.935 2 0.17197
  95 0.945 3 2.13525
  96 0.955 2 1.11062
  97 0.965 2 0.17197
  98 0.975 1 0.0859851
  99 0.985 1 1.02463
  100 0.995 4 0.34394
2000 100 186
  1 0.005 0 0
  2 0.015 1 0.0830387
  3 0.025 3 2.06208
  4 0.035 0 0
  5 0.045 0 0
  6 0.055 3 1.1556
  7 0.065 1 0.0830387
  8 0.075 4 1.23864
  9 0.085 1 0.0830387
  10 0.095 2 0.166077
  11 0.105 2 1.07256
  12 0.115 1 0.0830387
  13 0.125 0 0
  14 0.135 4 0.332155
  15 0.145 3 0.249116
  16 0.155 2 1.97904
  17 0.165 1 0.989521
  18 0.175 2 1.07256
  19 0.185 2 1.07256
  20 0.195 3 2.06208
  21 0.205 1 0.0830387
  22 0.215 0 0
  23 0.225 3 1.1556
  24 0.235 1 0.0830387
  25 0.245 4 2.14512
  26 0.255 1 0.989521
  27 0.265 1 0.0830387
  28 0.275 2 0.166077
  29 0.285 5 1.32168
  30 0.295 1 0.0830387
  31 0.305 3 1.1556
  32 0.315 3 1.1556
  33 0.325 3 1.1556
  34 0.335 1 0.0830387
  35 0.345 1 0.0830387
  36 0.355 6 1.40471
  37 0.365 2 1.97904
  38 0.375 1 0.989521
  39 0.385 2 1.07256
  40 0.395 4 2.14512
  41 0.405 1 0.0830387
  42 0.415 1 0.0830387
  43 0.425 1 0.0830387
  44 0.435 2 1.07256
  45 0.445 0 0
  46 0.455 3 1.1556
  47 0.465 4 0.332155
  48 0.475 2 0.166077
  49 0.485 3 2.96856
  50 0.495 0 0
  51 0.505 2 1.07256
  52 0.515 0 0
  53 0.525 2 1.07256
  54 0.535 2 0.166077
  55 0.545 2 0.166077
  56 0.555 1 0.0830387
  57 0.565 2 1.07256
  58 0.575 2 1.07256
  59 0.585 5 1.32168
  60 0.595 2 0.166077
  61 0.605 1 0.0830387
  62 0.615 0 0
  63 0.625 2 1.07256
  64 0.635 1 0.0830387
  65 0.645 1 0.989521
  66 0.655 0 0
  67 0.665 2 0.166077
  68 0.675 2 1.07256
  69 0.685 5 2.22816
  70 0.695 1 0.0830387
  71 0.705 1 0.989521
  72 0.715 2 1.07256
  73 0.725 2 0.166077
  74 0.735 2 1.97904
  75 0.745 0 0
  76 0.755 1 0.0830387
  77 0.765 4 0.332155
  78 0.775 1 0.989521
  79 0.785 2 1.07256
  80 0.795 3 1.1556
  81 0.805 3 0.249116
  82 0.815 1 0.0830387
  83 0.825 2 1.07256
  84 0.835 0 0
  85 0.845 1 0.0830387
  86 0.855 0 0
  87 0.865 3 0.249116
  88 0.875 2 1.07256
  89 0.885 3 1.1556
  90 0.895 2 1.07256
  91 0.905 3 2.06208
  92 0.915 0 0
  93 0.925 2 1.07256
  94 0.935 0 0
  95 0.945 3 1.1556
  96 0.955 1 0.989521
  97 0.965 2 0.166077
  98 0.975 4 0.332155
  99 0.985 3 1.1556
  100 0.995 1 0.989521
3000 100 186
  1 0.005 2 1.07785
  2 0.015 2 0.166896
  3 0.025 2 0.166896
  4 0.035 1 0.0834481
  5 0.045 1 0.0834481
  6 0.055 2 0.166896
  7 0.065 4 1.24474
  8 0.075 2 0.166896
  9 0.085 2 1.07785
  10 0.095 1 0.0834481
  11 0.105 0 0
  12 0.115 1 0.0834481
  13 0.125 4 1.24474
  14 0.135 0 0
  15 0.145 4 2.15569
  16 0.155 3 2.07225
  17 0.165 1 0.994399
  18 0.175 1 0.0834481
  19 0.185 1 0.0834481
  20 0.195 0 0
  21 0.205 6 2.32259
  22 0.215 1 0.0834481
  23 0.225 1 0.0834481
  24 0.235 1 0.994399
  25 0.245 4 0.333792
  26 0.255 5 2.23914
  27 0.265 1 0.0834481
  28 0.275 3 1.1613
  29 0.285 5 2.23914
  30 0.295 3 1.1613
  31 0.305 2 0.166896
  32 0.315 2 1.07785
  33 0.325 1 0.0834481
  34 0.335 4 3.06665
  35 0.345 2 1.9888
  36 0.355 2 0.166896
  37 0.365 0 0
  38 0.375 2 1.9888
  39 0.385 1 0.0834481
  40 0.395 3 1.1613
  41 0.405 5 3.15009
  42 0.415 1 0.0834481
  43 0.425 2 0.166896
  44 0.435 1 0.0834481
  45 0.445 2 0.166896
  46 0.455 3 0.250344
  47 0.465 2 1.07785
  48 0.475 1 0.0834481
  49 0.485 2 0.166896
  50 0.495 1 0.0834481
  51 0.505 1 0.0834481
  52 0.515 1 0.994399
  53 0.525 2 1.07785
  54 0.535 0 0
  55 0.545 1 0.0834481
  56 0.555 1 0.0834481
  57 0.565 1 0.0834481
  58 0.575 1 0.994399
  59 0.585 1 0.0834481
  60 0.595 1 0.994399
  61 0.605 2 0.166896
  62 0.615 3 0.250344
  63 0.625 0 0
  64 0.635 1 0.0834481
  65 0.645 1 0.0834481
  66 0.655 4 3.06665
  67 0.665 0 0
  68 0.675 1 0.994399
  69 0.685 2 0.166896
  70 0.695 2 1.07785
  71 0.705 1 0.0834481
  72 0.715 1 0.0834481
  73 0.725 4 1.24474
  74 0.735 1 0.994399
  75 0.745 1 0.0834481
  76 0.755 2 0.166896
  77 0.765 2 1.9888
  78 0.775 3 0.250344
  79 0.785 0 0
  80 0.795 1 0.994399
  81 0.805 2 1.07785
  82 0.815 0 0
  83 0.825 1 0.0834481
  84 0.835 2 0.166896
  85 0.845 3 0.250344
  86 0.855 3 1.1613
  87 0.865 3 2.9832
  88 0.875 3 0.250344
  89 0.885 2 0.166896
  90 0.895 2 0.166896
  91 0.905 5 3.15009
  92 0.915 2 1.9888
  93 0.925 2 0.166896
  94 0.935 0 0
  95 0.945 1 0.0834481
  96 0.955 3 2.07225
  97 0.965 1 0.994399
  98 0.975 1 0.994399
  99 0.985 3 0.250344
  100 0.995 2 1.07785
4000 100 186
  1 0.005 1 0.0808044
  2 0.015 2 0.161609
  3 0.025 2 1.0437
  4 0.035 3 0.242413
  5 0.045 1 0.0808044
  6 0.055 2 0.161609
  7 0.065 2 0.161609
  8 0.075 1 0.0808044
  9 0.085 2 0.161609
  10 0.095 1 0.962897
  11 0.105 1 0.0808044
  12 0.115 1 0.962897
  13 0.125 1 0.0808044
  14 0.135 2 0.161609
  15 0.145 1 0.0808044
  16 0.155 5 2.16821
  17 0.165 1 0.962897
  18 0.175 1 0.0808044
  19 0.185 3 2.0066
  20 0.195 1 0.0808044
  21 0.205 6 1.36692
  22 0.215 1 0.0808044
  23 0.225 3 1.12451
  24 0.235 1 0.0808044
  25 0.245 7 3.21191
  26 0.255 2 0.161609
  27 0.265 1 0.962897
  28 0.275 3 1.12451
  29 0.285 3 2.0066
  30 0.295 1 0.0808044
  31 0.305 2 1.92579
  32 0.315 3 2.0066
  33 0.325 6 3.1311
  34 0.335 3 1.12451
  35 0.345 3 0.242413
  36 0.355 4 0.323218
  37 0.365 3 2.0066
  38 0.375 1 0.962897
  39 0.385 0 0
  40 0.395 4 1.20531
  41 0.405 1 0.0808044
  42 0.415 2 0.161609
  43 0.425 0 0
  44 0.435 2 1.0437
  45 0.445 3 1.12451
  46 0.455 6 1.36692
  47 0.465 2 0.161609
  48 0.475 0 0
  49 0.485 0 0
  50 0.495 0 0
  51 0.505 1 0.0808044
  52 0.515 0 0
  53 0.525 1 0.962897
  54 0.535 0 0
  55 0.545 3 0.242413
  56 0.555 1 0.962897
  57 0.565 0 0
  58 0.575 1 0.962897
  59 0.585 3 0.242413
  60 0.595 1 0.0808044
  61 0.605 0 0
  62 0.615 1 0.0808044
  63 0.625 2 1.92579
  64 0.635 2 0.161609
  65 0.645 0 0
  66 0.655 0 0
  67 0.665 3 0.242413
  68 0.675 2 1.0437
  69 0.685 2 0.161609
  70 0.695 2 1.0437
  71 0.705 0 0
  72 0.715 0 0
  73 0.725 2 1.92579
  74 0.735 1 0.0808044
  75 0.745 2 1.0437
  76 0.755 3 2.0066
  77 0.765 1 0.0808044
  78 0.775 2 1.0437
  79 0.785 3 0.242413
  80 0.795 2 1.0437
  81 0.805 2 0.161609
  82 0.815 4 1.20531
  83 0.825 1 0.0808044
  84 0.835 0 0
  85 0.845 3 1.12451
  86 0.855 3 1.12451
  87 0.865 3 1.12451
  88 0.875 0 0
  89 0.885 2 0.161609
  90 0.895 1 0.962897
  91 0.905 1 0.0808044
  92 0.915 2 1.0437
  93 0.925 1 0.0808044
  94 0.935 3 0.242413
  95 0.945 2 1.0437
  96 0.955 5 3.93239
  97 0.965 2 1.0437
  98 0.975 2 1.0437
  99 0.985 1 0.962897
  100 0.995 0 0
5000 100 186
  1 0.005 1 0.0840836
  2 0.015 2 1.08606
  3 0.025 1 1.00197
  4 0.035 1 0.0840836
  5 0.045 0 0
  6 0.055 3 1.17014
  7 0.065 4 1.25422
  8 0.075 0 0
  9 0.085 0 0
  10 0.095 3 0.252251
  11 0.105 2 0.168167
  12 0.115 0 0
  13 0.125 5 1.33831
  14 0.135 2 2.00394
  15 0.145 3 1.17014
  16 0.155 0 0
  17 0.165 2 0.168167
  18 0.175 1 1.00197
  19 0.185 1 1.00197
  20 0.195 2 0.168167
  21 0.205 1 1.00197
  22 0.215 6 1.42239
  23 0.225 3 0.252251
  24 0.235 2 2.00394
  25 0.245 2 0.168167
  26 0.255 0 0
  27 0.265 3 2.08803
  28 0.275 3 1.17014
  29 0.285 2 2.00394
  30 0.295 3 0.252251
  31 0.305 0 0
  32 0.315 3 1.17014
  33 0.325 2 1.08606
  34 0.335 1 0.0840836
  35 0.345 5 1.33831
  36 0.355 2 0.168167
  37 0.365 5 1.33831
  38 0.375 0 0
  39 0.385 1 1.00197
  40 0.395 4 3.09
  41 0.405 2 0.168167
  42 0.415 2 1.08606
  43 0.425 1 0.0840836
  44 0.435 3 2.08803
  45 0.445 1 0.0840836
  46 0.455 4 1.25422
  47 0.465 0 0
  48 0.475 1 1.00197
  49 0.485 3 1.17014
  50 0.495 5 1.33831
  51 0.505 1 0.0840836
  52 0.515 1 1.00197
  53 0.525 1 0.0840836
  54 0.535 2 0.168167
  55 0.545 2 0.168167
  56 0.555 2 0.168167
  57 0.565 2 0.168167
  58 0.575 3 1.17014
  59 0.585 0 0
  60 0.595 2 1.08606
  61 0.605 4 2.17211
  62 0.615 0 0
  63 0.625 3 2.08803
  64 0.635 2 1.08606
  65 0.645 3 1.17014
  66 0.655 3 0.252251
  67 0.665 0 0
  68 0.675 0 0
  69 0.685 3 1.17014
  70 0.695 0 0
  71 0.705 3 0.252251
  72 0.715 4 3.09
  73 0.725 0 0
  74 0.735 1 1.00197
  75 0.745 2 1.08606
  76 0.755 0 0
  77 0.765 3 0.252251
  78 0.775 2 0.168167
  79 0.785 2 0.168167
  80 0.795 3 1.17014
  81 0.805 2 0.168167
  82 0.815 1 1.00197
  83 0.825 0 0
  84 0.835 0 0
  85 0.845 3 0.252251
  86 0.855 1 1.00197
  87 0.865 1 0.0840836
  88 0.875 0 0
  89 0.885 3 0.252251
  90 0.895 0 0
  91 0.905 1 1.00197
  92 0.915 2 0.168167
  93 0.925 2 2.00394
  94 0.935 3 3.00592
  95 0.945 1 0.0840836
  96 0.955 0 0
  97 0.965 4 0.336334
  98 0.975 2 1.08606
  99 0.985 2 0.168167
  100 0.995 1 1.00197
6000 100 186
  1 0.005 1 0.0871126
  2 0.015 2 0.174225
  3 0.025 1 1.03807
  4 0.035 3 0.261338
  5 0.045 2 0.174225
  6 0.055 2 0.174225
  7 0.065 1 0.0871126
  8 0.075 0 0
  9 0.085 0 0
  10 0.095 1 1.03807
  11 0.105 3 0.261338
  12 0.115 0 0
  13 0.125 4 2.25036
  14 0.135 2 0.174225
  15 0.145 2 1.12518
  16 0.155 0 0
  17 0.165 2 0.174225
  18 0.175 2 0.174225
  19 0.185 3 1.21229
  20 0.195 2 1.12518
  21 0.205 2 1.12518
  22 0.215 1 0.0871126
  23 0.225 2 1.12518
  24 0.235 2 0.174225
  25 0.245 1 0.0871126
  26 0.255 1 0.0871126
  27 0.265 1 1.03807
  28 0.275 6 4.3265
  29 0.285 3 0.261338
  30 0.295 2 1.12518
  31 0.305 3 2.16325
  32 0.315 3 1.21229
  33 0.325 2 1.12518
  34 0.335 3 2.16325
  35 0.345 5 1.38652
  36 0.355 3 0.261338
  37 0.365 1 1.03807
  38 0.375 1 0.0871126
  39 0.385 3 1.21229
  40 0.395 2 2.07614
  41 0.405 3 0.261338
  42 0.415 3 1.21229
  43 0.425 0 0
  44 0.435 1 1.03807
  45 0.445 1 0.0871126
  46 0.455 2 0.174225
  47 0.465 2 1.12518
  48 0.475 1 0.0871126
  49 0.485 1 0.0871126
  50 0.495 2 0.174225
  51 0.505 0 0
  52 0.515 4 1.29941
  53 0.525 0 0
  54 0.535 1 0.0871126
  55 0.545 2 0.174225
  56 0.555 1 0.0871126
  57 0.565 2 1.12518
  58 0.575 1 1.03807
  59 0.585 0 0
  60 0.595 2 1.12518
  61 0.605 1 0.0871126
  62 0.615 3 1.21229
  63 0.625 1 1.03807
  64 0.635 3 1.21229
  65 0.645 2 0.174225
  66 0.655 1 0.0871126
  67 0.665 4 1.29941
  68 0.675 2 0.174225
  69 0.685 1 0.0871126
  70 0.695 2 0.174225
  71 0.705 4 1.29941
  72 0.715 5 4.23938
  73 0.725 1 0.0871126
  74 0.735 3 3.1142
  75 0.745 1 0.0871126
  76 0.755 0 0
  77 0.765 1 0.0871126
  78 0.775 0 0
  79 0.785 2 1.12518
  80 0.795 4 1.29941
  81 0.805 1 0.0871126
  82 0.815 1 0.0871126
  83 0.825 1 0.0871126
  84 0.835 2 1.12518
  85 0.845 3 1.21229
  86 0.855 1 1.03807
  87 0.865 4 1.29941
  88 0.875 1 1.03807
  89 0.885 6 0.522676
  90 0.895 1 0.0871126
  91 0.905 4 2.25036
  92 0.915 0 0
  93 0.925 2 0.174225
  94 0.935 1 1.03807
  95 0.945 1 0.0871126
  96 0.955 2 1.12518
  97 0.965 1 1.03807
  98 0.975 0 0
  99 0.985 1 0.0871126
  100 0.995 3 3.1142
7000 100 186
  1 0.005 2 0.160213
  2 0.015 1 0.954579
  3 0.025 4 2.06937
  4 0.035 1 0.0801065
  5 0.045 4 1.1949
  6 0.055 2 0.160213
  7 0.065 0 0
  8 0.075 1 0.954579
  9 0.085 2 1.03469
  10 0.095 2 1.90916
  11 0.105 2 0.160213
  12 0.115 1 0.0801065
  13 0.125 1 0.954579
  14 0.135 2 1.03469
  15 0.145 5 1.27501
  16 0.155 2 1.03469
  17 0.165 0 0
  18 0.175 2 1.03469
  19 0.185 5 1.27501
  20 0.195 3 0.240319
  21 0.205 0 0
  22 0.215 5 1.27501
  23 0.225 2 1.03469
  24 0.235 1 0.0801065
  25 0.245 1 0.954579
  26 0.255 1 0.954579
  27 0.265 3 0.240319
  28 0.275 2 1.03469
  29 0.285 1 0.954579
  30 0.295 1 0.0801065
  31 0.305 3 1.11479
  32 0.315 4 2.06937
  33 0.325 0 0
  34 0.335 2 1.03469
  35 0.345 4 2.06937
  36 0.355 1 0.954579
  37 0.365 3 1.11479
  38 0.375 0 0
  39 0.385 3 0.240319
  40 0.395 2 0.160213
  41 0.405 3 1.11479
  42 0.415 3 1.11479
  43 0.425 1 0.0801065
  44 0.435 1 0.954579
  45 0.445 0 0
  46 0.455 0 0
  47 0.465 3 0.240319
  48 0.475 1 0.954579
  49 0.485 1 0.0801065
  50 0.495 2 0.160213
  51 0.505 2 1.03469
  52 0.515 1 0.0801065
  53 0.525 2 0.160213
  54 0.535 2 0.160213
  55 0.545 1 0.954579
  56 0.555 3 1.11479
  57 0.565 0 0
  58 0.575 1 0.0801065
  59 0.585 2 1.03469
  60 0.595 0 0
  61 0.605 0 0
  62 0.615 3 1.98927
  63 0.625 1 0.954579
  64 0.635 1 0.0801065
  65 0.645 2 0.160213
  66 0.655 2 0.160213
  67 0.665 5 1.27501
  68 0.675 1 0.954579
  69 0.685 1 0.0801065
  70 0.695 3 1.98927
  71 0.705 2 1.03469
  72 0.715 2 1.03469
  73 0.725 3 0.240319
  74 0.735 5 2.14948
  75 0.745 2 0.160213
  76 0.755 0 0
  77 0.765 0 0
  78 0.775 2 1.03469
  79 0.785 2 0.160213
  80 0.795 1 0.954579
  81 0.805 2 0.160213
  82 0.815 3 1.11479
  83 0.825 4 2.94384
  84 0.835 3 1.11479
  85 0.845 2 0.160213
  86 0.855 1 0.0801065
  87 0.865 1 0.0801065
  88 0.875 1 0.954579
  89 0.885 2 0.160213
  90 0.895 0 0
  91 0.905 2 1.90916
  92 0.915 4 1.1949
  93 0.925 1 0.0801065
  94 0.935 2 1.03469
  95 0.945 2 1.03469
  96 0.955 2 0.160213
  97 0.965 1 0.0801065
  98 0.975 1 0.0801065
  99 0.985 2 0.160213
  100 0.995 2 0.160213
8000 100 186
  1 0.005 1 0.0815731
  2 0.015 4 1.21678
  3 0.025 1 0.0815731
  4 0.035 4 2.10726
  5 0.045 2 1.05363
  6 0.055 0 0
  7 0.065 1 0.0815731
  8 0.075 0 0
  9 0.085 1 0.0815731
  10 0.095 1 0.0815731
  11 0.105 3 0.244719
  12 0.115 4 2.10726
  13 0.125 4 1.21678
  14 0.135 1 0.0815731
  15 0.145 2 1.05363
  16 0.155 1 0.972056
  17 0.165 3 1.1352
  18 0.175 3 0.244719
  19 0.185 1 0.0815731
  20 0.195 5 3.9698
  21 0.205 1 0.0815731
  22 0.215 4 1.21678
  23 0.225 2 1.05363
  24 0.235 2 0.163146
  25 0.245 1 0.0815731
  26 0.255 3 1.1352
  27 0.265 3 2.02569
  28 0.275 3 2.02569
  29 0.285 3 2.02569
  30 0.295 1 0.0815731
  31 0.305 0 0
  32 0.315 1 0.0815731
  33 0.325 2 0.163146
  34 0.335 1 0.972056
  35 0.345 4 0.326292
  36 0.355 3 0.244719
  37 0.365 4 2.10726
  38 0.375 2 0.163146
  39 0.385 0 0
  40 0.395 1 0.972056
  41 0.405 2 1.05363
  42 0.415 0 0
  43 0.425 1 0.0815731
  44 0.435 1 0.972056
  45 0.445 2 0.163146
  46 0.455 2 1.05363
  47 0.465 0 0
  48 0.475 0 0
  49 0.485 0 0
  50 0.495 0 0
  51 0.505 1 0.0815731
  52 0.515 3 0.244719
  53 0.525 1 0.972056
  54 0.535 2 0.163146
  55 0.545 1 0.0815731
  56 0.555 4 1.21678
  57 0.565 3 1.1352
  58 0.575 1 0.0815731
  59 0.585 3 1.1352
  60 0.595 0 0
  61 0.605 0 0
  62 0.615 1 0.0815731
  63 0.625 3 2.02569
  64 0.635 2 1.05363
  65 0.645 0 0
  66 0.655 1 0.972056
  67 0.665 3 0.244719
  68 0.675 1 0.0815731
  69 0.685 5 2.18883
  70 0.695 4 2.10726
  71 0.705 1 0.0815731
  72 0.715 7 3.24246
  73 0.725 3 0.244719
  74 0.735 2 1.94411
  75 0.745 2 0.163146
  76 0.755 3 2.02569
  77 0.765 3 0.244719
  78 0.775 0 0
  79 0.785 2 1.05363
  80 0.795 1 0.972056
  81 0.805 2 0.163146
  82 0.815 2 1.05363
  83 0.825 3 0.244719
  84 0.835 2 0.163146
  85 0.845 2 1.94411
  86 0.855 3 1.1352
  87 0.865 1 0.972056
  88 0.875 1 0.0815731
  89 0.885 1 0.0815731
  90 0.895 2 0.163146
  91 0.905 3 1.1352
  92 0.915 0 0
  93 0.925 1 0.972056
  94 0.935 0 0
  95 0.945 2 0.163146
  96 0.955 2 0.163146
  97 0.965 1 0.0815731
  98 0.975 1 0.972056
  99 0.985 1 0.0815731
  100 0.995 2 1.05363
9000 100 186
  1 0.005 0 0
  2 0.015 1 0.0853705
  3 0.025 0 0
  4 0.035 1 0.0853705
  5 0.045 3 1.18805
  6 0.055 2 0.170741
  7 0.065 0 0
  8 0.075 0 0
  9 0.085 0 0
  10 0.095 1 0.0853705
  11 0.105 2 1.10268
  12 0.115 2 0.170741
  13 0.125 3 1.18805
  14 0.135 0 0
  15 0.145 4 0.341482
  16 0.155 2 1.10268
  17 0.165 1 0.0853705
  18 0.175 1 0.0853705
  19 0.185 1 0.0853705
  20 0.195 4 2.20536
  21 0.205 2 1.10268
  22 0.215 0 0
  23 0.225 6 5.17191
  24 0.235 1 1.01731
  25 0.245 3 2.11999
  26 0.255 4 1.27342
  27 0.265 6 2.3761
  28 0.275 3 0.256111
  29 0.285 4 1.27342
  30 0.295 1 1.01731
  31 0.305 1 0.0853705
  32 0.315 2 1.10268
  33 0.325 1 0.0853705
  34 0.335 1 0.0853705
  35 0.345 3 1.18805
  36 0.355 1 0.0853705
  37 0.365 3 2.11999
  38 0.375 1 0.0853705
  39 0.385 1 0.0853705
  40 0.395 2 0.170741
  41 0.405 2 0.170741
  42 0.415 0 0
  43 0.425 1 0.0853705
  44 0.435 3 2.11999
  45 0.445 0 0
  46 0.455 3 0.256111
  47 0.465 1 0.0853705
  48 0.475 1 0.0853705
  49 0.485 0 0
  50 0.495 0 0
  51 0.505 0 0
  52 0.515 2 0.170741
  53 0.525 0 0
  54 0.535 3 1.18805
  55 0.545 4 2.20536
  56 0.555 3 2.11999
  57 0.565 0 0
  58 0.575 4 1.27342
  59 0.585 2 0.170741
  60 0.595 3 1.18805
  61 0.605 2 1.10268
  62 0.615 2 1.10268
  63 0.625 0 0
  64 0.635 0 0
  65 0.645 4 1.27342
  66 0.655 1 0.0853705
  67 0.665 2 0.170741
  68 0.675 2 1.10268
  69 0.685 1 1.01731
  70 0.695 2 0.170741
  71 0.705 1 0.0853705
  72 0.715 5 3.22266
  73 0.725 0 0
  74 0.735 2 2.03462
  75 0.745 2 0.170741
  76 0.755 3 0.256111
  77 0.765 2 0.170741
  78 0.775 5 1.35879
  79 0.785 2 0.170741
  80 0.795 1 1.01731
  81 0.805 1 1.01731
  82 0.815 4 2.20536
  83 0.825 1 0.0853705
  84 0.835 2 2.03462
  85 0.845 0 0
  86 0.855 4 2.20536
  87 0.865 1 0.0853705
  88 0.875 3 0.256111
  89 0.885 1 0.0853705
  90 0.895 5 0.426852
  91 0.905 3 2.11999
  92 0.915 1 0.0853705
  93 0.925 4 2.20536
  94 0.935 1 0.0853705
  95 0.945 3 2.11999
  96 0.955 2 1.10268
  97 0.965 1 0.0853705
  98 0.975 0 0
  99 0.985 1 0.0853705
  100 0.995 3 1.18805
10000 100 186
  1 0.005 0 0
  2 0.015 0 0
  3 0.025 1 1.03441
  4 0.035 3 0.260417
  5 0.045 2 0.173612
  6 0.055 2 0.173612
  7 0.065 0 0
  8 0.075 0 0
  9 0.085 3 0.260417
  10 0.095 1 1.03441
  11 0.105 2 1.12122
  12 0.115 2 2.06882
  13 0.125 2 0.173612
  14 0.135 0 0
  15 0.145 2 0.173612
  16 0.155 2 1.12122
  17 0.165 2 1.12122
  18 0.175 3 0.260417
  19 0.185 1 0.0868058
  20 0.195 2 1.12122
  21 0.205 2 1.12122
  22 0.215 2 0.173612
  23 0.225 6 2.41604
  24 0.235 1 1.03441
  25 0.245 2 0.173612
  26 0.255 4 1.29483
  27 0.265 1 1.03441
  28 0.275 1 0.0868058
  29 0.285 3 2.15563
  30 0.295 4 2.24243
  31 0.305 0 0
  32 0.315 4 2.24243
  33 0.325 4 3.19004
  34 0.335 2 0.173612
  35 0.345 2 1.12122
  36 0.355 3 2.15563
  37 0.365 2 1.12122
  38 0.375 3 0.260417
  39 0.385 4 0.347223
  40 0.395 0 0
  41 0.405 4 0.347223
  42 0.415 0 0
  43 0.425 2 1.12122
  44 0.435 2 0.173612
  45 0.445 2 0.173612
  46 0.455 2 1.12122
  47 0.465 0 0
  48 0.475 1 0.0868058
  49 0.485 1 1.03441
  50 0.495 2 1.12122
  51 0.505 1 0.0868058
  52 0.515 1 0.0868058
  53 0.525 1 0.0868058
  54 0.535 0 0
  55 0.545 4 1.29483
  56 0.555 1 0.0868058
  57 0.565 4 2.24243
  58 0.575 0 0
  59 0.585 4 1.29483
  60 0.595 1 0.0868058
  61 0.605 3 1.20802
  62 0.615 1 0.0868058
  63 0.625 0 0
  64 0.635 1 1.03441
  65 0.645 1 0.0868058
  66 0.655 4 1.29483
  67 0.665 0 0
  68 0.675 3 2.15563
  69 0.685 4 2.24243
  70 0.695 4 2.24243
  71 0.705 4 1.29483
  72 0.715 0 0
  73 0.725 1 0.0868058
  74 0.735 4 1.29483
  75 0.745 4 1.29483
  76 0.755 1 1.03441
  77 0.765 2 1.12122
  78 0.775 4 0.347223
  79 0.785 2 1.12122
  80 0.795 0 0
  81 0.805 1 0.0868058
  82 0.815 1 1.03441
  83 0.825 1 1.03441
  84 0.835 3 0.260417
  85 0.845 2 0.173612
  86 0.855 3 2.15563
  87 0.865 1 1.03441
  88 0.875 0 0
  89 0.885 0 0
  90 0.895 0 0
  91 0.905 3 0.260417
  92 0.915 4 1.29483
  93 0.925 2 2.06882
  94 0.935 2 0.173612
  95 0.945 0 0
  96 0.955 0 0
  97 0.965 1 0.0868058
  98 0.975 3 1.20802
  99 0.985 1 0.0868058
  100 0.995 2 1.12122
11000 100 186
  1 0.005 1 0.0850409
  2 0.015 4 0.340163
  3 0.025 4 3.12518
  4 0.035 1 1.01338
  5 0.045 1 0.0850409
  6 0.055 1 0.0850409
  7 0.065 2 1.09842
  8 0.075 2 1.09842
  9 0.085 2 0.170082
  10 0.095 4 2.19684
  11 0.105 3 0.255123
  12 0.115 1 0.0850409
  13 0.125 0 0
  14 0.135 2 1.09842
  15 0.145 0 0
  16 0.155 2 0.170082
  17 0.165 1 0.0850409
  18 0.175 2 2.02676
  19 0.185 2 0.170082
  20 0.195 2 1.09842
  21 0.205 3 0.255123
  22 0.215 0 0
  23 0.225 0 0
  24 0.235 1 1.01338
  25 0.245 0 0
  26 0.255 3 0.255123
  27 0.265 4 2.19684
  28 0.275 5 1.35354
  29 0.285 2 0.170082
  30 0.295 2 1.09842
  31 0.305 4 1.2685
  32 0.315 1 1.01338
  33 0.325 2 2.02676
  34 0.335 2 1.09842
  35 0.345 5 1.35354
  36 0.355 1 1.01338
  37 0.365 3 2.1118
  38 0.375 2 1.09842
  39 0.385 2 2.02676
  40 0.395 1 0.0850409
  41 0.405 0 0
  42 0.415 4 0.340163
  43 0.425 2 1.09842
  44 0.435 2 1.09842
  45 0.445 1 0.0850409
  46 0.455 3 0.255123
  47 0.465 4 0.340163
  48 0.475 3 0.255123
  49 0.485 0 0
  50 0.495 1 1.01338
  51 0.505 2 1.09842
  52 0.515 0 0
  53 0.525 1 1.01338
  54 0.535 1 0.0850409
  55 0.545 1 0.0850409
  56 0.555 2 0.170082
  57 0.565 1 0.0850409
  58 0.575 0 0
  59 0.585 0 0
  60 0.595 0 0
  61 0.605 3 0.255123
  62 0.615 1 1.01338
  63 0.625 2 1.09842
  64 0.635 3 1.18346
  65 0.645 4 2.19684
  66 0.655 3 1.18346
  67 0.665 2 0.170082
  68 0.675 3 2.1118
  69 0.685 2 1.09842
  70 0.695 2 1.09842
  71 0.705 2 0.170082
  72 0.715 0 0
  73 0.725 4 1.2685
  74 0.735 2 0.170082
  75 0.745 0 0
  76 0.755 1 0.0850409
  77 0.765 5 2.28188
  78 0.775 0 0
  79 0.785 3 2.1118
  80 0.795 1 0.0850409
  81 0.805 1 0.0850409
  82 0.815 3 1.18346
  83 0.825 1 0.0850409
  84 0.835 2 0.170082
  85 0.845 4 4.05352
  86 0.855 1 0.0850409
  87 0.865 1 1.01338
  88 0.875 3 1.18346
  89 0.885 2 0.170082
  90 0.895 1 0.0850409
  91 0.905 0 0
  92 0.915 1 0.0850409
  93 0.925 1 0.0850409
  94 0.935 2 0.170082
  95 0.945 3 2.1118
  96 0.955 1 0.0850409
  97 0.965 5 2.28188
  98 0.975 1 0.0850409
  99 0.985 1 0.0850409
  100 0.995 1 0.0850409
12000 100 186
  1 0.005 1 0.998529
  2 0.015 0 0
  3 0.025 2 0.167589
  4 0.035 1 0.0837946
  5 0.045 3 1.16612
  6 0.055 1 0.0837946
  7 0.065 0 0
  8 0.075 1 0.0837946
  9 0.085 2 0.167589
  10 0.095 0 0
  11 0.105 3 2.08085
  12 0.115 1 0.998529
  13 0.125 2 1.08232
  14 0.135 2 0.167589
  15 0.145 3 0.251384
  16 0.155 1 0.0837946
  17 0.165 1 0.998529
  18 0.175 3 0.251384
  19 0.185 2 0.167589
  20 0.195 1 0.0837946
  21 0.205 1 0.0837946
  22 0.215 4 2.16465
  23 0.225 4 2.16465
  24 0.235 1 0.998529
  25 0.245 3 1.16612
  26 0.255 4 2.16465
  27 0.265 1 0.0837946
  28 0.275 2 1.08232
  29 0.285 4 2.16465
  30 0.295 3 2.08085
  31 0.305 1 0.0837946
  32 0.315 1 0.0837946
  33 0.325 3 2.08085
  34 0.335 5 1.33371
  35 0.345 1 0.0837946
  36 0.355 6 1.4175
  37 0.365 2 1.08232
  38 0.375 1 0.998529
  39 0.385 4 1.24991
  40 0.395 1 0.0837946
  41 0.405 2 1.08232
  42 0.415 2 0.167589
  43 0.425 3 1.16612
  44 0.435 1 0.998529
  45 0.445 2 0.167589
  46 0.455 0 0
  47 0.465 1 0.0837946
  48 0.475 0 0
  49 0.485 1 0.0837946
  50 0.495 2 0.167589
  51 0.505 2 1.08232
  52 0.515 1 0.998529
  53 0.525 2 0.167589
  54 0.535 1 0.0837946
  55 0.545 1 0.998529
  56 0.555 3 1.16612
  57 0.565 1 0.0837946
  58 0.575 1 0.0837946
  59 0.585 2 0.167589
  60 0.595 1 0.998529
  61 0.605 1 0.0837946
  62 0.615 4 1.24991
  63 0.625 4 1.24991
  64 0.635 1 0.998529
  65 0.645 1 0.998529
  66 0.655 1 0.998529
  67 0.665 1 0.0837946
  68 0.675 4 1.24991
  69 0.685 1 0.0837946
  70 0.695 3 1.16612
  71 0.705 4 1.24991
  72 0.715 1 0.0837946
  73 0.725 3 0.251384
  74 0.735 2 1.08232
  75 0.745 2 1.99706
  76 0.755 0 0
  77 0.765 1 0.998529
  78 0.775 1 0.0837946
  79 0.785 4 2.16465
  80 0.795 2 1.08232
  81 0.805 4 1.24991
  82 0.815 1 0.0837946
  83 0.825 0 0
  84 0.835 1 0.0837946
  85 0.845 2 0.167589
  86 0.855 3 1.16612
  87 0.865 4 1.24991
  88 0.875 1 0.0837946
  89 0.885 0 0
  90 0.895 2 1.99706
  91 0.905 1 0.0837946
  92 0.915 2 1.08232
  93 0.925 1 0.998529
  94 0.935 0 0
  95 0.945 1 0.0837946
  96 0.955 1 0.0837946
  97 0.965 3 0.251384
  98 0.975 2 1.99706
  99 0.985 4 1.24991
  100 0.995 1 0.0837946
13000 100 186
  1 0.005 1 0.0832826
  2 0.015 1 0.0832826
  3 0.025 0 0
  4 0.035 0 0
  5 0.045 1 0.0832826
  6 0.055 3 0.249848
  7 0.065 1 0.992428
  8 0.075 2 0.166565
  9 0.085 1 0.0832826
  10 0.095 1 0.0832826
  11 0.105 3 1.15899
  12 0.115 0 0
  13 0.125 1 0.992428
  14 0.135 4 1.24228
  15 0.145 3 2.06814
  16 0.155 6 1.40884
  17 0.165 1 0.992428
  18 0.175 1 0.992428
  19 0.185 0 0
  20 0.195 2 0.166565
  21 0.205 2 0.166565
  22 0.215 2 1.07571
  23 0.225 6 2.31799
  24 0.235 2 1.07571
  25 0.245 2 1.07571
  26 0.255 1 0.992428
  27 0.265 3 1.15899
  28 0.275 0 0
  29 0.285 7 2.40127
  30 0.295 4 1.24228
  31 0.305 3 1.15899
  32 0.315 2 1.07571
  33 0.325 1 0.992428
  34 0.335 3 2.06814
  35 0.345 4 2.15142
  36 0.355 2 0.166565
  37 0.365 2 1.07571
  38 0.375 0 0
  39 0.385 2 0.166565
  40 0.395 2 1.07571
  41 0.405 2 0.166565
  42 0.415 2 0.166565
  43 0.425 1 0.0832826
  44 0.435 2 1.07571
  45 0.445 2 0.166565
  46 0.455 1 0.0832826
  47 0.465 1 0.992428
  48 0.475 1 0.992428
  49 0.485 2 0.166565
  50 0.495 0 0
  51 0.505 0 0
  52 0.515 2 1.07571
  53 0.525 1 0.0832826
  54 0.535 1 0.0832826
  55 0.545 1 0.0832826
  56 0.555 0 0
  57 0.565 2 0.166565
  58 0.575 2 0.166565
  59 0.585 1 0.992428
  60 0.595 2 0.166565
  61 0.605 1 0.992428
  62 0.615 1 0.992428
  63 0.625 0 0
  64 0.635 5 1.32556
  65 0.645 4 1.24228
  66 0.655 1 0.992428
  67 0.665 1 0.0832826
  68 0.675 1 0.0832826
  69 0.685 0 0
  70 0.695 2 1.07571
  71 0.705 2 1.07571
  72 0.715 5 3.14385
  73 0.725 3 1.15899
  74 0.735 2 0.166565
  75 0.745 3 0.249848
  76 0.755 3 1.15899
  77 0.765 2 1.07571
  78 0.775 2 0.166565
  79 0.785 3 2.97728
  80 0.795 4 3.06057
  81 0.805 1 0.0832826
  82 0.815 7 2.40127
  83 0.825 1 0.0832826
  84 0.835 0 0
  85 0.845 1 0.992428
  86 0.855 3 0.249848
  87 0.865 4 0.333131
  88 0.875 2 0.166565
  89 0.885 2 1.07571
  90 0.895 0 0
  91 0.905 2 1.07571
  92 0.915 1 0.992428
  93 0.925 1 0.0832826
  94 0.935 1 0.0832826
  95 0.945 1 0.992428
  96 0.955 0 0
  97 0.965 2 1.07571
  98 0.975 3 0.249848
  99 0.985 0 0
  100 0.995 1 0.0832826
14000 100 186
  1 0.005 1 0.0793623
  2 0.015 2 0.158725
  3 0.025 1 0.0793623
  4 0.035 0 0
  5 0.045 2 0.158725
  6 0.055 0 0
  7 0.065 1 0.0793623
  8 0.075 2 0.158725
  9 0.085 1 0.0793623
  10 0.095 2 0.158725
  11 0.105 5 2.12951
  12 0.115 1 0.0793623
  13 0.125 2 1.02507
  14 0.135 2 1.02507
  15 0.145 6 3.07522
  16 0.155 0 0
  17 0.165 5 2.99586
  18 0.175 0 0
  19 0.185 2 1.02507
  20 0.195 3 1.10444
  21 0.205 0 0
  22 0.215 4 1.1838
  23 0.225 4 1.1838
  24 0.235 3 1.10444
  25 0.245 1 0.945712
  26 0.255 3 1.10444
  27 0.265 2 0.158725
  28 0.275 1 0.0793623
  29 0.285 3 1.10444
  30 0.295 5 2.12951
  31 0.305 2 1.02507
  32 0.315 3 1.10444
  33 0.325 1 0.0793623
  34 0.335 2 0.158725
  35 0.345 3 1.97079
  36 0.355 1 0.945712
  37 0.365 3 0.238087
  38 0.375 1 0.0793623
  39 0.385 1 0.0793623
  40 0.395 2 1.02507
  41 0.405 2 1.02507
  42 0.415 3 1.10444
  43 0.425 0 0
  44 0.435 1 0.945712
  45 0.445 1 0.0793623
  46 0.455 0 0
  47 0.465 2 1.89142
  48 0.475 4 0.317449
  49 0.485 4 0.317449
  50 0.495 1 0.945712
  51 0.505 1 0.0793623
  52 0.515 0 0
  53 0.525 1 0.0793623
  54 0.535 0 0
  55 0.545 2 0.158725
  56 0.555 0 0
  57 0.565 4 1.1838
  58 0.575 1 0.945712
  59 0.585 0 0
  60 0.595 1 0.0793623
  61 0.605 2 1.02507
  62 0.615 3 1.10444
  63 0.625 4 2.05015
  64 0.635 2 1.02507
  65 0.645 0 0
  66 0.655 2 0.158725
  67 0.665 3 1.10444
  68 0.675 1 0.0793623
  69 0.685 2 0.158725
  70 0.695 0 0
  71 0.705 2 0.158725
  72 0.715 2 1.02507
  73 0.725 3 1.10444
  74 0.735 1 0.945712
  75 0.745 1 0.0793623
  76 0.755 3 1.97079
  77 0.765 2 1.02507
  78 0.775 1 0.0793623
  79 0.785 5 2.99586
  80 0.795 1 0.0793623
  81 0.805 5 2.12951
  82 0.815 1 0.0793623
  83 0.825 1 0.0793623
  84 0.835 2 1.02507
  85 0.845 5 0.396812
  86 0.855 1 0.0793623
  87 0.865 3 1.10444
  88 0.875 0 0
  89 0.885 1 0.0793623
  90 0.895 4 2.05015
  91 0.905 2 1.02507
  92 0.915 0 0
  93 0.925 0 0
  94 0.935 2 1.89142
  95 0.945 2 0.158725
  96 0.955 2 1.89142
  97 0.965 2 0.158725
  98 0.975 0 0
  99 0.985 1 0.0793623
  100 0.995 1 0.0793623
15000 100 186
  1 0.005 1 0.0775412
  2 0.015 0 0
  3 0.025 0 0
  4 0.035 1 0.0775412
  5 0.045 2 1.00155
  6 0.055 3 1.07909
  7 0.065 4 0.310165
  8 0.075 0 0
  9 0.085 0 0
  10 0.095 3 1.07909
  11 0.105 1 0.924011
  12 0.115 3 2.77203
  13 0.125 1 0.0775412
  14 0.135 1 0.924011
  15 0.145 1 0.924011
  16 0.155 4 0.310165
  17 0.165 2 0.155082
  18 0.175 2 0.155082
  19 0.185 1 0.0775412
  20 0.195 3 0.232624
  21 0.205 3 1.92556
  22 0.215 1 0.924011
  23 0.225 1 0.924011
  24 0.235 2 1.84802
  25 0.245 2 0.155082
  26 0.255 1 0.0775412
  27 0.265 0 0
  28 0.275 2 0.155082
  29 0.285 0 0
  30 0.295 1 0.0775412
  31 0.305 3 1.92556
  32 0.315 3 0.232624
  33 0.325 2 0.155082
  34 0.335 6 2.15819
  35 0.345 0 0
  36 0.355 2 1.00155
  37 0.365 2 0.155082
  38 0.375 3 1.92556
  39 0.385 1 0.0775412
  40 0.395 5 2.08065
  41 0.405 1 0.0775412
  42 0.415 0 0
  43 0.425 2 1.00155
  44 0.435 1 0.0775412
  45 0.445 0 0
  46 0.455 1 0.0775412
  47 0.465 0 0
  48 0.475 7 2.23573
  49 0.485 2 1.84802
  50 0.495 3 1.92556
  51 0.505 1 0.0775412
  52 0.515 2 1.00155
  53 0.525 0 0
  54 0.535 2 0.155082
  55 0.545 3 0.232624
  56 0.555 2 1.00155
  57 0.565 2 0.155082
  58 0.575 1 0.924011
  59 0.585 1 0.924011
  60 0.595 0 0
  61 0.605 2 0.155082
  62 0.615 2 0.155082
  63 0.625 1 0.0775412
  64 0.635 1 0.0775412
  65 0.645 2 1.00155
  66 0.655 5 1.23418
  67 0.665 2 0.155082
  68 0.675 2 1.00155
  69 0.685 2 1.00155
  70 0.695 3 0.232624
  71 0.705 3 0.232624
  72 0.715 2 1.84802
  73 0.725 4 2.0031
  74 0.735 2 1.00155
  75 0.745 3 1.07909
  76 0.755 2 0.155082
  77 0.765 4 2.0031
  78 0.775 1 0.924011
  79 0.785 5 2.92712
  80 0.795 2 1.00155
  81 0.805 2 0.155082
  82 0.815 5 2.92712
  83 0.825 5 2.08065
  84 0.835 2 1.84802
  85 0.845 2 0.155082
  86 0.855 2 0.155082
  87 0.865 1 0.0775412
  88 0.875 2 0.155082
  89 0.885 3 1.07909
  90 0.895 0 0
  91 0.905 2 0.155082
  92 0.915 2 0.155082
  93 0.925 1 0.0775412
  94 0.935 0 0
  95 0.945 1 0.0775412
  96 0.955 0 0
  97 0.965 1 0.0775412
  98 0.975 0 0
  99 0.985 1 0.0775412
  100 0.995 0 0
16000 100 186
  1 0.005 2 1.87018
  2 0.015 1 0.0784708
  3 0.025 0 0
  4 0.035 0 0
  5 0.045 3 0.235412
  6 0.055 1 0.0784708
  7 0.065 2 1.01356
  8 0.075 0 0
  9 0.085 0 0
  10 0.095 2 1.01356
  11 0.105 1 0.0784708
  12 0.115 2 1.87018
  13 0.125 1 0.0784708
  14 0.135 0 0
  15 0.145 1 0.0784708
  16 0.155 1 0.0784708
  17 0.165 1 0.0784708
  18 0.175 2 0.156942
  19 0.185 0 0
  20 0.195 1 0.935088
  21 0.205 2 0.156942
  22 0.215 0 0
  23 0.225 3 1.09203
  24 0.235 3 0.235412
  25 0.245 1 0.0784708
  26 0.255 3 1.94865
  27 0.265 1 0.0784708
  28 0.275 0 0
  29 0.285 1 0.0784708
  30 0.295 4 2.02712
  31 0.305 1 0.0784708
  32 0.315 1 0.0784708
  33 0.325 5 2.96221
  34 0.335 2 0.156942
  35 0.345 5 0.392354
  36 0.355 3 2.80526
  37 0.365 3 0.235412
  38 0.375 3 1.09203
  39 0.385 2 1.87018
  40 0.395 3 1.09203
  41 0.405 1 0.935088
  42 0.415 4 2.02712
  43 0.425 3 0.235412
  44 0.435 0 0
  45 0.445 2 1.01356
  46 0.455 2 1.01356
  47 0.465 1 0.0784708
  48 0.475 4 1.1705
  49 0.485 2 1.01356
  50 0.495 1 0.0784708
  51 0.505 3 0.235412
  52 0.515 0 0
  53 0.525 3 1.94865
  54 0.535 2 1.01356
  55 0.545 2 0.156942
  56 0.555 4 2.02712
  57 0.565 0 0
  58 0.575 1 0.0784708
  59 0.585 1 0.0784708
  60 0.595 0 0
  61 0.605 1 0.0784708
  62 0.615 1 0.0784708
  63 0.625 3 1.94865
  64 0.635 1 0.0784708
  65 0.645 1 0.935088
  66 0.655 2 1.01356
  67 0.665 0 0
  68 0.675 1 0.0784708
  69 0.685 4 0.313883
  70 0.695 3 0.235412
  71 0.705 1 0.0784708
  72 0.715 3 0.235412
  73 0.725 1 0.0784708
  74 0.735 3 1.09203
  75 0.745 4 2.02712
  76 0.755 1 0.935088
  77 0.765 3 0.235412
  78 0.775 4 2.88373
  79 0.785 4 2.02712
  80 0.795 2 0.156942
  81 0.805 0 0
  82 0.815 2 1.01356
  83 0.825 3 1.09203
  84 0.835 2 1.87018
  85 0.845 2 1.87018
  86 0.855 2 0.156942
  87 0.865 3 1.09203
  88 0.875 3 1.09203
  89 0.885 0 0
  90 0.895 4 1.1705
  91 0.905 2 1.01356
  92 0.915 2 0.156942
  93 0.925 3 1.09203
  94 0.935 1 0.0784708
  95 0.945 3 0.235412
  96 0.955 2 0.156942
  97 0.965 2 0.156942
  98 0.975 1 0.0784708
  99 0.985 1 0.935088
  100 0.995 2 1.01356
17000 100 186
  1 0.005 2 0.153816
  2 0.015 1 0.916463
  3 0.025 2 0.993371
  4 0.035 1 0.0769078
  5 0.045 1 0.916463
  6 0.055 1 0.916463
  7 0.065 2 0.993371
  8 0.075 3 1.07028
  9 0.085 1 0.0769078
  10 0.095 1 0.916463
  11 0.105 0 0
  12 0.115 0 0
  13 0.125 3 0.230723
  14 0.135 2 0.153816
  15 0.145 1 0.0769078
  16 0.155 3 1.90983
  17 0.165 1 0.0769078
  18 0.175 2 0.993371
  19 0.185 1 0.916463
  20 0.195 1 0.0769078
  21 0.205 1 0.0769078
  22 0.215 0 0
  23 0.225 1 0.0769078
  24 0.235 2 0.993371
  25 0.245 1 0.0769078
  26 0.255 0 0
  27 0.265 1 0.0769078
  28 0.275 1 0.0769078
  29 0.285 1 0.0769078
  30 0.295 1 0.916463
  31 0.305 2 0.153816
  32 0.315 0 0
  33 0.325 0 0
  34 0.335 3 1.07028
  35 0.345 5 2.06365
  36 0.355 4 0.307631
  37 0.365 0 0
  38 0.375 2 0.153816
  39 0.385 5 1.22409
  40 0.395 2 0.993371
  41 0.405 2 0.993371
  42 0.415 2 0.993371
  43 0.425 4 3.66585
  44 0.435 2 0.153816
  45 0.445 1 0.916463
  46 0.455 4 1.14719
  47 0.465 1 0.916463
  48 0.475 4 1.14719
  49 0.485 2 0.993371
  50 0.495 1 0.916463
  51 0.505 2 0.153816
  52 0.515 0 0
  53 0.525 0 0
  54 0.535 6 2.14056
  55 0.545 2 0.993371
  56 0.555 2 0.993371
  57 0.565 3 0.230723
  58 0.575 3 0.230723
  59 0.585 1 0.0769078
  60 0.595 1 0.916463
  61 0.605 0 0
  62 0.615 1 0.916463
  63 0.625 4 0.307631
  64 0.635 1 0.0769078
  65 0.645 3 0.230723
  66 0.655 1 0.916463
  67 0.665 0 0
  68 0.675 1 0.0769078
  69 0.685 3 1.90983
  70 0.695 2 0.153816
  71 0.705 0 0
  72 0.715 5 1.22409
  73 0.725 1 0.0769078
  74 0.735 3 1.90983
  75 0.745 4 0.307631
  76 0.755 2 0.993371
  77 0.765 2 0.153816
  78 0.775 3 1.90983
  79 0.785 3 1.07028
  80 0.795 6 4.65922
  81 0.805 2 0.153816
  82 0.815 3 1.07028
  83 0.825 1 0.0769078
  84 0.835 2 1.83293
  85 0.845 3 1.07028
  86 0.855 2 0.993371
  87 0.865 3 1.07028
  88 0.875 1 0.916463
  89 0.885 2 0.993371
  90 0.895 2 0.153816
  91 0.905 4 0.307631
  92 0.915 2 0.153816
  93 0.925 1 0.0769078
  94 0.935 1 0.0769078
  95 0.945 2 0.153816
  96 0.955 1 0.0769078
  97 0.965 2 0.153816
  98 0.975 2 0.993371
  99 0.985 1 0.0769078
  100 0.995 0 0
18000 100 186
  1 0.005 0 0
  2 0.015 1 0.0755995
  3 0.025 0 0
  4 0.035 1 0.0755995
  5 0.045 4 1.12767
  6 0.055 0 0
  7 0.065 3 1.87734
  8 0.075 1 0.0755995
  9 0.085 1 0.0755995
  10 0.095 3 0.226798
  11 0.105 3 2.70262
  12 0.115 0 0
  13 0.125 0 0
  14 0.135 1 0.0755995
  15 0.145 2 1.80174
  16 0.155 3 0.226798
  17 0.165 4 0.302398
  18 0.175 2 0.976472
  19 0.185 1 0.0755995
  20 0.195 2 0.151199
  21 0.205 1 0.0755995
  22 0.215 2 0.151199
  23 0.225 4 1.95294
  24 0.235 4 1.95294
  25 0.245 3 1.87734
  26 0.255 2 0.151199
  27 0.265 1 0.900872
  28 0.275 5 2.02854
  29 0.285 2 0.151199
  30 0.295 2 0.976472
  31 0.305 2 0.151199
  32 0.315 2 1.80174
  33 0.325 4 2.77822
  34 0.335 2 0.976472
  35 0.345 4 1.95294
  36 0.355 1 0.0755995
  37 0.365 2 0.151199
  38 0.375 2 0.151199
  39 0.385 2 0.151199
  40 0.395 1 0.0755995
  41 0.405 2 0.151199
  42 0.415 1 0.900872
  43 0.425 2 0.151199
  44 0.435 2 0.151199
  45 0.445 1 0.900872
  46 0.455 0 0
  47 0.465 2 0.151199
  48 0.475 2 0.976472
  49 0.485 0 0
  50 0.495 0 0
  51 0.505 1 0.900872
  52 0.515 3 0.226798
  53 0.525 0 0
  54 0.535 1 0.900872
  55 0.545 2 0.151199
  56 0.555 2 0.976472
  57 0.565 2 0.151199
  58 0.575 3 1.05207
  59 0.585 1 0.900872
  60 0.595 0 0
  61 0.605 1 0.0755995
  62 0.615 4 1.12767
  63 0.625 0 0
  64 0.635 2 0.976472
  65 0.645 2 0.976472
  66 0.655 0 0
  67 0.665 2 0.151199
  68 0.675 0 0
  69 0.685 3 1.05207
  70 0.695 0 0
  71 0.705 4 1.95294
  72 0.715 2 0.151199
  73 0.725 2 0.151199
  74 0.735 0 0
  75 0.745 1 0.900872
  76 0.755 8 1.43007
  77 0.765 4 2.77822
  78 0.775 1 0.0755995
  79 0.785 1 0.0755995
  80 0.795 3 1.05207
  81 0.805 3 0.226798
  82 0.815 2 0.976472
  83 0.825 0 0
  84 0.835 6 2.92942
  85 0.845 4 1.12767
  86 0.855 3 2.70262
  87 0.865 0 0
  88 0.875 2 0.976472
  89 0.885 2 0.976472
  90 0.895 3 1.05207
  91 0.905 0 0
  92 0.915 1 0.0755995
  93 0.925 3 0.226798
  94 0.935 1 0.0755995
  95 0.945 0 0
  96 0.955 3 0.226798
  97 0.965 2 1.80174
  98 0.975 3 0.226798
  99 0.985 1 0.0755995
  100 0.995 0 0
19000 100 186
  1 0.005 6 0.474741
  2 0.015 0 0
  3 0.025 3 1.10111
  4 0.035 0 0
  5 0.045 0 0
  6 0.055 2 0.158247
  7 0.065 2 0.158247
  8 0.075 1 0.0791234
  9 0.085 2 1.02199
  10 0.095 0 0
  11 0.105 2 1.02199
  12 0.115 0 0
  13 0.125 1 0.0791234
  14 0.135 1 0.942865
  15 0.145 2 0.158247
  16 0.155 4 0.316494
  17 0.165 0 0
  18 0.175 0 0
  19 0.185 5 2.98684
  20 0.195 2 0.158247
  21 0.205 2 0.158247
  22 0.215 3 0.23737
  23 0.225 2 1.88573
  24 0.235 0 0
  25 0.245 4 1.18024
  26 0.255 4 2.04398
  27 0.265 1 0.942865
  28 0.275 3 0.23737
  29 0.285 5 2.98684
  30 0.295 5 0.395617
  31 0.305 2 1.02199
  32 0.315 1 0.942865
  33 0.325 2 1.88573
  34 0.335 2 0.158247
  35 0.345 2 1.02199
  36 0.355 0 0
  37 0.365 2 1.02199
  38 0.375 3 1.96485
  39 0.385 2 0.158247
  40 0.395 0 0
  41 0.405 4 1.18024
  42 0.415 0 0
  43 0.425 0 0
  44 0.435 2 1.02199
  45 0.445 4 0.316494
  46 0.455 2 0.158247
  47 0.465 1 0.0791234
  48 0.475 2 0.158247
  49 0.485 2 1.02199
  50 0.495 2 1.02199
  51 0.505 2 0.158247
  52 0.515 1 0.0791234
  53 0.525 3 1.10111
  54 0.535 0 0
  55 0.545 2 1.88573
  56 0.555 1 0.0791234
  57 0.565 0 0
  58 0.575 7 3.14509
  59 0.585 3 1.10111
  60 0.595 1 0.0791234
  61 0.605 1 0.0791234
  62 0.615 1 0.942865
  63 0.625 0 0
  64 0.635 1 0.942865
  65 0.645 2 0.158247
  66 0.655 1 0.0791234
  67 0.665 3 1.96485
  68 0.675 1 0.0791234
  69 0.685 1 0.0791234
  70 0.695 2 0.158247
  71 0.705 0 0
  72 0.715 1 0.942865
  73 0.725 0 0
  74 0.735 2 0.158247
  75 0.745 3 0.23737
  76 0.755 1 0.0791234
  77 0.765 1 0.0791234
  78 0.775 1 0.0791234
  79 0.785 1 0.0791234
  80 0.795 0 0
  81 0.805 4 2.04398
  82 0.815 1 0.0791234
  83 0.825 2 1.88573
  84 0.835 2 0.158247
  85 0.845 1 0.0791234
  86 0.855 2 1.02199
  87 0.865 4 0.316494
  88 0.875 1 0.0791234
  89 0.885 5 2.1231
  90 0.895 2 1.88573
  91 0.905 0 0
  92 0.915 4 2.04398
  93 0.925 4 2.90772
  94 0.935 2 0.158247
  95 0.945 4 2.04398
  96 0.955 2 1.02199
  97 0.965 0 0
  98 0.975 2 0.158247
  99 0.985 3 1.96485
  100 0.995 1 0.942865
20000 100 186
  1 0.005 4 1.27555
  2 0.015 2 1.10453
  3 0.025 0 0
  4 0.035 2 2.03802
  5 0.045 3 1.19004
  6 0.055 2 0.171027
  7 0.065 0 0
  8 0.075 1 0.0855135
  9 0.085 0 0
  10 0.095 3 0.256541
  11 0.105 1 0.0855135
  12 0.115 1 0.0855135
  13 0.125 3 0.256541
  14 0.135 1 1.01901
  15 0.145 2 2.03802
  16 0.155 0 0
  17 0.165 0 0
  18 0.175 1 1.01901
  19 0.185 1 0.0855135
  20 0.195 1 0.0855135
  21 0.205 5 0.427568
  22 0.215 1 0.0855135
  23 0.225 1 0.0855135
  24 0.235 1 0.0855135
  25 0.245 2 2.03802
  26 0.255 4 3.14255
  27 0.265 0 0
  28 0.275 2 1.10453
  29 0.285 4 1.27555
  30 0.295 1 1.01901
  31 0.305 3 0.256541
  32 0.315 3 0.256541
  33 0.325 3 0.256541
  34 0.335 0 0
  35 0.345 4 3.14255
  36 0.355 1 0.0855135
  37 0.365 1 0.0855135
  38 0.375 1 1.01901
  39 0.385 2 1.10453
  40 0.395 1 0.0855135
  41 0.405 3 2.12354
  42 0.415 0 0
  43 0.425 1 1.01901
  44 0.435 2 0.171027
  45 0.445 4 2.20905
  46 0.455 1 0.0855135
  47 0.465 1 0.0855135
  48 0.475 1 0.0855135
  49 0.485 0 0
  50 0.495 2 1.10453
  51 0.505 0 0
  52 0.515 1 0.0855135
  53 0.525 3 0.256541
  54 0.535 3 0.256541
  55 0.545 0 0
  56 0.555 2 1.10453
  57 0.565 3 1.19004
  58 0.575 0 0
  59 0.585 1 0.0855135
  60 0.595 3 2.12354
  61 0.605 1 1.01901
  62 0.615 1 0.0855135
  63 0.625 3 0.256541
  64 0.635 4 1.27555
  65 0.645 0 0
  66 0.655 3 3.05704
  67 0.665 3 1.19004
  68 0.675 4 0.342054
  69 0.685 0 0
  70 0.695 1 1.01901
  71 0.705 2 1.10453
  72 0.715 2 0.171027
  73 0.725 0 0
  74 0.735 2 0.171027
  75 0.745 2 0.171027
  76 0.755 2 0.171027
  77 0.765 5 2.29456
  78 0.775 1 0.0855135
  79 0.785 3 0.256541
  80 0.795 3 2.12354
  81 0.805 1 0.0855135
  82 0.815 6 2.38008
  83 0.825 0 0
  84 0.835 1 0.0855135
  85 0.845 4 2.20905
  86 0.855 3 3.05704
  87 0.865 2 1.10453
  88 0.875 4 1.27555
  89 0.885 0 0
  90 0.895 2 0.171027
  91 0.905 3 2.12354
  92 0.915 4 2.20905
  93 0.925 1 0.0855135
  94 0.935 3 0.256541
  95 0.945 1 0.0855135
  96 0.955 4 2.20905
  97 0.965 3 1.19004
  98 0.975 3 0.256541
  99 0.985 0 0
  100 0.995 0 0
21000 100 186
  1 0.005 0 0
  2 0.015 3 0.254748
  3 0.025 2 1.09681
  4 0.035 1 0.0849159
  5 0.045 2 1.09681
  6 0.055 1 0.0849159
  7 0.065 1 0.0849159
  8 0.075 4 2.19361
  9 0.085 1 1.01189
  10 0.095 1 0.0849159
  11 0.105 0 0
  12 0.115 1 0.0849159
  13 0.125 3 2.1087
  14 0.135 1 0.0849159
  15 0.145 2 2.02378
  16 0.155 5 1.35155
  17 0.165 2 0.169832
  18 0.175 4 0.339664
  19 0.185 1 0.0849159
  20 0.195 0 0
  21 0.205 2 0.169832
  22 0.215 2 0.169832
  23 0.225 3 2.1087
  24 0.235 4 2.19361
  25 0.245 4 2.19361
  26 0.255 0 0
  27 0.265 2 2.02378
  28 0.275 1 0.0849159
  29 0.285 2 0.169832
  30 0.295 3 0.254748
  31 0.305 2 0.169832
  32 0.315 2 0.169832
  33 0.325 3 3.03567
  34 0.335 2 2.02378
  35 0.345 1 0.0849159
  36 0.355 4 1.26664
  37 0.365 1 0.0849159
  38 0.375 0 0
  39 0.385 1 1.01189
  40 0.395 1 0.0849159
  41 0.405 5 1.35155
  42 0.415 1 0.0849159
  43 0.425 0 0
  44 0.435 1 1.01189
  45 0.445 2 1.09681
  46 0.455 3 2.1087
  47 0.465 2 0.169832
  48 0.475 1 0.0849159
  49 0.485 5 0.42458
  50 0.495 1 1.01189
  51 0.505 3 1.18172
  52 0.515 2 1.09681
  53 0.525 3 0.254748
  54 0.535 2 0.169832
  55 0.545 0 0
  56 0.555 1 1.01189
  57 0.565 1 1.01189
  58 0.575 0 0
  59 0.585 1 0.0849159
  60 0.595 3 1.18172
  61 0.605 3 1.18172
  62 0.615 0 0
  63 0.625 3 1.18172
  64 0.635 0 0
  65 0.645 2 0.169832
  66 0.655 2 2.02378
  67 0.665 3 1.18172
  68 0.675 3 1.18172
  69 0.685 1 0.0849159
  70 0.695 2 1.09681
  71 0.705 2 0.169832
  72 0.715 0 0
  73 0.725 2 0.169832
  74 0.735 1 0.0849159
  75 0.745 1 0.0849159
  76 0.755 1 0.0849159
  77 0.765 2 0.169832
  78 0.775 3 3.03567
  79 0.785 1 0.0849159
  80 0.795 2 0.169832
  81 0.805 3 2.1087
  82 0.815 0 0
  83 0.825 1 0.0849159
  84 0.835 1 0.0849159
  85 0.845 2 0.169832
  86 0.855 4 2.19361
  87 0.865 2 1.09681
  88 0.875 2 1.09681
  89 0.885 4 1.26664
  90 0.895 2 1.09681
  91 0.905 1 1.01189
  92 0.915 1 0.0849159
  93 0.925 1 1.01189
  94 0.935 1 0.0849159
  95 0.945 5 2.27853
  96 0.955 2 1.09681
  97 0.965 3 1.18172
  98 0.975 0 0
  99 0.985 3 0.254748
  100 0.995 2 0.169832
22000 100 186
  1 0.005 1 0.0897434
  2 0.015 2 1.15916
  3 0.025 2 2.13883
  4 0.035 0 0
  5 0.045 1 1.06942
  6 0.055 3 0.26923
  7 0.065 1 0.0897434
  8 0.075 1 0.0897434
  9 0.085 0 0
  10 0.095 0 0
  11 0.105 2 0.179487
  12 0.115 3 1.2489
  13 0.125 3 1.2489
  14 0.135 1 1.06942
  15 0.145 2 0.179487
  16 0.155 3 0.26923
  17 0.165 3 0.26923
  18 0.175 1 1.06942
  19 0.185 2 1.15916
  20 0.195 1 0.0897434
  21 0.205 1 0.0897434
  22 0.215 3 3.20825
  23 0.225 2 0.179487
  24 0.235 4 2.31832
  25 0.245 2 0.179487
  26 0.255 1 1.06942
  27 0.265 3 1.2489
  28 0.275 3 1.2489
  29 0.285 3 1.2489
  30 0.295 6 1.51813
  31 0.305 3 2.22858
  32 0.315 2 2.13883
  33 0.325 0 0
  34 0.335 2 0.179487
  35 0.345 1 0.0897434
  36 0.355 2 0.179487
  37 0.365 0 0
  38 0.375 2 1.15916
  39 0.385 4 1.33865
  40 0.395 2 0.179487
  41 0.405 2 1.15916
  42 0.415 2 1.15916
  43 0.425 2 2.13883
  44 0.435 1 0.0897434
  45 0.445 2 0.179487
  46 0.455 1 0.0897434
  47 0.465 2 0.179487
  48 0.475 3 2.22858
  49 0.485 1 1.06942
  50 0.495 1 0.0897434
  51 0.505 2 0.179487
  52 0.515 2 1.15916
  53 0.525 3 0.26923
  54 0.535 1 0.0897434
  55 0.545 1 0.0897434
  56 0.555 3 1.2489
  57 0.565 3 1.2489
  58 0.575 2 0.179487
  59 0.585 0 0
  60 0.595 1 1.06942
  61 0.605 0 0
  62 0.615 1 1.06942
  63 0.625 1 0.0897434
  64 0.635 2 2.13883
  65 0.645 2 1.15916
  66 0.655 1 0.0897434
  67 0.665 1 0.0897434
  68 0.675 0 0
  69 0.685 5 0.448717
  70 0.695 1 1.06942
  71 0.705 1 1.06942
  72 0.715 4 1.33865
  73 0.725 0 0
  74 0.735 2 0.179487
  75 0.745 0 0
  76 0.755 3 0.26923
  77 0.765 0 0
  78 0.775 0 0
  79 0.785 1 0.0897434
  80 0.795 1 1.06942
  81 0.805 5 0.448717
  82 0.815 3 3.20825
  83 0.825 3 1.2489
  84 0.835 3 1.2489
  85 0.845 3 2.22858
  86 0.855 1 1.06942
  87 0.865 4 1.33865
  88 0.875 3 0.26923
  89 0.885 3 2.22858
  90 0.895 0 0
  91 0.905 1 0.0897434
  92 0.915 3 3.20825
  93 0.925 2 0.179487
  94 0.935 1 0.0897434
  95 0.945 3 0.26923
  96 0.955 3 0.26923
  97 0.965 1 0.0897434
  98 0.975 2 1.15916
  99 0.985 3 1.2489
  100 0.995 0 0
23000 100 186
  1 0.005 2 0.151144
  2 0.015 0 0
  3 0.025 1 0.0755719
  4 0.035 2 1.80109
  5 0.045 0 0
  6 0.055 3 1.05169
  7 0.065 2 0.976116
  8 0.075 0 0
  9 0.085 2 0.151144
  10 0.095 1 0.0755719
  11 0.105 0 0
  12 0.115 1 0.0755719
  13 0.125 0 0
  14 0.135 2 0.151144
  15 0.145 4 0.302288
  16 0.155 4 1.95223
  17 0.165 2 1.80109
  18 0.175 4 1.12726
  19 0.185 1 0.900544
  20 0.195 1 0.0755719
  21 0.205 2 1.80109
  22 0.215 1 0.0755719
  23 0.225 3 0.226716
  24 0.235 1 0.0755719
  25 0.245 1 0.0755719
  26 0.255 5 2.0278
  27 0.265 3 0.226716
  28 0.275 3 1.87666
  29 0.285 2 0.976116
  30 0.295 1 0.0755719
  31 0.305 3 2.70163
  32 0.315 2 0.976116
  33 0.325 1 0.0755719
  34 0.335 4 0.302288
  35 0.345 2 0.151144
  36 0.355 4 1.95223
  37 0.365 1 0.0755719
  38 0.375 3 1.87666
  39 0.385 2 0.151144
  40 0.395 2 0.151144
  41 0.405 1 0.0755719
  42 0.415 5 2.0278
  43 0.425 0 0
  44 0.435 1 0.900544
  45 0.445 1 0.900544
  46 0.455 2 0.976116
  47 0.465 2 0.151144
  48 0.475 1 0.0755719
  49 0.485 2 0.151144
  50 0.495 1 0.0755719
  51 0.505 0 0
  52 0.515 2 0.976116
  53 0.525 1 0.0755719
  54 0.535 2 0.976116
  55 0.545 1 0.0755719
  56 0.555 4 1.12726
  57 0.565 0 0
  58 0.575 1 0.0755719
  59 0.585 3 1.87666
  60 0.595 2 0.151144
  61 0.605 5 1.20283
  62 0.615 2 0.976116
  63 0.625 1 0.900544
  64 0.635 2 0.976116
  65 0.645 2 0.976116
  66 0.655 2 0.151144
  67 0.665 0 0
  68 0.675 3 1.05169
  69 0.685 1 0.900544
  70 0.695 4 1.12726
  71 0.705 1 0.0755719
  72 0.715 2 0.976116
  73 0.725 2 0.976116
  74 0.735 1 0.0755719
  75 0.745 3 0.226716
  76 0.755 2 0.976116
  77 0.765 4 1.12726
  78 0.775 2 0.976116
  79 0.785 1 0.0755719
  80 0.795 4 0.302288
  81 0.805 1 0.0755719
  82 0.815 3 1.87666
  83 0.825 0 0
  84 0.835 5 2.0278
  85 0.845 0 0
  86 0.855 1 0.0755719
  87 0.865 0 0
  88 0.875 2 1.80109
  89 0.885 4 1.12726
  90 0.895 1 0.900544
  91 0.905 0 0
  92 0.915 2 1.80109
  93 0.925 2 0.151144
  94 0.935 0 0
  95 0.945 2 0.151144
  96 0.955 2 0.151144
  97 0.965 3 0.226716
  98 0.975 3 1.05169
  99 0.985 0 0
  100 0.995 1 0.900544
24000 100 186
  1 0.005 1 1.00447
  2 0.015 3 1.17306
  3 0.025 1 0.0842935
  4 0.035 5 3.18201
  5 0.045 1 0.0842935
  6 0.055 3 1.17306
  7 0.065 4 2.17753
  8 0.075 1 0.0842935
  9 0.085 1 0.0842935
  10 0.095 2 1.08877
  11 0.105 2 0.168587
  12 0.115 4 0.337174
  13 0.125 3 2.09324
  14 0.135 0 0
  15 0.145 1 1.00447
  16 0.155 1 0.0842935
  17 0.165 2 0.168587
  18 0.175 1 1.00447
  19 0.185 0 0
  20 0.195 3 0.25288
  21 0.205 1 1.00447
  22 0.215 1 1.00447
  23 0.225 3 1.17306
  24 0.235 2 0.168587
  25 0.245 1 0.0842935
  26 0.255 1 0.0842935
  27 0.265 3 0.25288
  28 0.275 0 0
  29 0.285 4 2.17753
  30 0.295 1 0.0842935
  31 0.305 3 1.17306
  32 0.315 0 0
  33 0.325 0 0
  34 0.335 5 2.26183
  35 0.345 0 0
  36 0.355 1 0.0842935
  37 0.365 1 1.00447
  38 0.375 5 1.34165
  39 0.385 2 1.08877
  40 0.395 2 0.168587
  41 0.405 2 1.08877
  42 0.415 1 1.00447
  43 0.425 2 0.168587
  44 0.435 0 0
  45 0.445 3 2.09324
  46 0.455 2 2.00895
  47 0.465 3 0.25288
  48 0.475 2 0.168587
  49 0.485 6 1.42594
  50 0.495 1 1.00447
  51 0.505 1 0.0842935
  52 0.515 5 0.421467
  53 0.525 1 0.0842935
  54 0.535 2 2.00895
  55 0.545 1 1.00447
  56 0.555 0 0
  57 0.565 2 0.168587
  58 0.575 1 0.0842935
  59 0.585 2 1.08877
  60 0.595 2 2.00895
  61 0.605 3 1.17306
  62 0.615 1 1.00447
  63 0.625 3 1.17306
  64 0.635 2 0.168587
  65 0.645 3 0.25288
  66 0.655 3 1.17306
  67 0.665 2 2.00895
  68 0.675 2 0.168587
  69 0.685 0 0
  70 0.695 1 0.0842935
  71 0.705 4 1.25735
  72 0.715 1 0.0842935
  73 0.725 1 0.0842935
  74 0.735 0 0
  75 0.745 1 1.00447
  76 0.755 1 0.0842935
  77 0.765 0 0
  78 0.775 0 0
  79 0.785 3 1.17306
  80 0.795 3 1.17306
  81 0.805 2 2.00895
  82 0.815 1 0.0842935
  83 0.825 1 0.0842935
  84 0.835 1 0.0842935
  85 0.845 0 0
  86 0.855 4 1.25735
  87 0.865 2 0.168587
  88 0.875 2 0.168587
  89 0.885 1 0.0842935
  90 0.895 1 0.0842935
  91 0.905 1 1.00447
  92 0.915 2 1.08877
  93 0.925 1 1.00447
  94 0.935 2 0.168587
  95 0.945 1 0.0842935
  96 0.955 4 2.17753
  97 0.965 6 2.34612
  98 0.975 2 1.08877
  99 0.985 1 1.00447
  100 0.995 3 0.25288
25000 100 186
  1 0.005 2 2.05372
  2 0.015 4 1.28537
  3 0.025 1 0.0861719
  4 0.035 2 0.172344
  5 0.045 1 0.0861719
  6 0.055 1 1.02686
  7 0.065 4 1.28537
  8 0.075 2 2.05372
  9 0.085 3 0.258516
  10 0.095 1 1.02686
  11 0.105 1 1.02686
  12 0.115 0 0
  13 0.125 1 1.02686
  14 0.135 2 0.172344
  15 0.145 3 0.258516
  16 0.155 1 0.0861719
  17 0.165 2 0.172344
  18 0.175 1 0.0861719
  19 0.185 3 2.13989
  20 0.195 3 0.258516
  21 0.205 3 1.1992
  22 0.215 1 0.0861719
  23 0.225 1 1.02686
  24 0.235 1 0.0861719
  25 0.245 2 1.11303
  26 0.255 1 0.0861719
  27 0.265 3 3.08057
  28 0.275 2 0.172344
  29 0.285 1 1.02686
  30 0.295 3 0.258516
  31 0.305 3 1.1992
  32 0.315 2 0.172344
  33 0.325 2 1.11303
  34 0.335 1 0.0861719
  35 0.345 2 2.05372
  36 0.355 0 0
  37 0.365 0 0
  38 0.375 5 3.25292
  39 0.385 2 1.11303
  40 0.395 4 0.344688
  41 0.405 2 0.172344
  42 0.415 2 0.172344
  43 0.425 2 0.172344
  44 0.435 2 1.11303
  45 0.445 1 0.0861719
  46 0.455 2 0.172344
  47 0.465 0 0
  48 0.475 1 1.02686
  49 0.485 2 1.11303
  50 0.495 3 1.1992
  51 0.505 2 0.172344
  52 0.515 0 0
  53 0.525 0 0
  54 0.535 3 1.1992
  55 0.545 4 2.22606
  56 0.555 4 2.22606
  57 0.565 2 0.172344
  58 0.575 1 0.0861719
  59 0.585 2 0.172344
  60 0.595 3 2.13989
  61 0.605 0 0
  62 0.615 2 2.05372
  63 0.625 2 0.172344
  64 0.635 4 0.344688
  65 0.645 1 1.02686
  66 0.655 1 0.0861719
  67 0.665 2 1.11303
  68 0.675 3 0.258516
  69 0.685 1 1.02686
  70 0.695 2 0.172344
  71 0.705 5 3.25292
  72 0.715 0 0
  73 0.725 2 0.172344
  74 0.735 2 0.172344
  75 0.745 0 0
  76 0.755 0 0
  77 0.765 1 0.0861719
  78 0.775 1 1.02686
  79 0.785 1 0.0861719
  80 0.795 1 0.0861719
  81 0.805 2 2.05372
  82 0.815 5 0.43086
  83 0.825 1 0.0861719
  84 0.835 2 1.11303
  85 0.845 2 1.11303
  86 0.855 2 1.11303
  87 0.865 2 1.11303
  88 0.875 2 1.11303
  89 0.885 1 0.0861719
  90 0.895 2 1.11303
  91 0.905 1 0.0861719
  92 0.915 2 0.172344
  93 0.925 1 0.0861719
  94 0.935 3 0.258516
  95 0.945 2 0.172344
  96 0.955 2 2.05372
  97 0.965 3 2.13989
  98 0.975 3 1.1992
  99 0.985 2 0.172344
  100 0.995 0 0
26000 100 186
  1 0.005 2 0.161107
  2 0.015 0 0
  3 0.025 5 2.16148
  4 0.035 0 0
  5 0.045 2 1.04046
  6 0.055 2 0.161107
  7 0.065 2 1.91982
  8 0.075 2 1.04046
  9 0.085 4 1.20157
  10 0.095 2 1.04046
  11 0.105 0 0
  12 0.115 1 0.959908
  13 0.125 4 0.322214
  14 0.135 1 0.0805536
  15 0.145 1 0.959908
  16 0.155 2 0.161107
  17 0.165 4 2.08092
  18 0.175 3 1.12101
  19 0.185 0 0
  20 0.195 1 0.0805536
  21 0.205 1 0.0805536
  22 0.215 2 1.91982
  23 0.225 3 0.241661
  24 0.235 2 1.04046
  25 0.245 3 0.241661
  26 0.255 2 1.04046
  27 0.265 1 0.0805536
  28 0.275 1 0.959908
  29 0.285 0 0
  30 0.295 7 3.20194
  31 0.305 1 0.0805536
  32 0.315 1 0.959908
  33 0.325 0 0
  34 0.335 1 0.0805536
  35 0.345 3 0.241661
  36 0.355 2 1.91982
  37 0.365 3 1.12101
  38 0.375 3 0.241661
  39 0.385 0 0
  40 0.395 1 0.0805536
  41 0.405 1 0.959908
  42 0.415 2 0.161107
  43 0.425 1 0.0805536
  44 0.435 2 0.161107
  45 0.445 1 0.0805536
  46 0.455 2 0.161107
  47 0.465 2 1.04046
  48 0.475 1 0.959908
  49 0.485 3 2.87972
  50 0.495 3 0.241661
  51 0.505 0 0
  52 0.515 2 0.161107
  53 0.525 1 0.959908
  54 0.535 4 1.20157
  55 0.545 1 0.959908
  56 0.555 3 0.241661
  57 0.565 0 0
  58 0.575 3 0.241661
  59 0.585 2 1.04046
  60 0.595 0 0
  61 0.605 4 2.96028
  62 0.615 2 0.161107
  63 0.625 3 1.12101
  64 0.635 0 0
  65 0.645 2 1.04046
  66 0.655 1 0.0805536
  67 0.665 3 1.12101
  68 0.675 4 1.20157
  69 0.685 4 0.322214
  70 0.695 2 1.04046
  71 0.705 3 2.00037
  72 0.715 0 0
  73 0.725 2 1.04046
  74 0.735 0 0
  75 0.745 4 1.20157
  76 0.755 3 1.12101
  77 0.765 2 0.161107
  78 0.775 1 0.0805536
  79 0.785 2 1.04046
  80 0.795 1 0.0805536
  81 0.805 3 1.12101
  82 0.815 0 0
  83 0.825 1 0.0805536
  84 0.835 2 1.04046
  85 0.845 2 0.161107
  86 0.855 1 0.0805536
  87 0.865 1 0.959908
  88 0.875 1 0.959908
  89 0.885 2 1.91982
  90 0.895 3 0.241661
  91 0.905 1 0.0805536
  92 0.915 5 2.16148
  93 0.925 1 0.0805536
  94 0.935 1 0.0805536
  95 0.945 0 0
  96 0.955 3 0.241661
  97 0.965 2 1.04046
  98 0.975 2 0.161107
  99 0.985 3 2.00037
  100 0.995 0 0
27000 100 186
  1 0.005 3 1.11187
  2 0.015 0 0
  3 0.025 3 1.11187
  4 0.035 1 0.0798962
  5 0.045 2 1.90415
  6 0.055 3 1.98404
  7 0.065 1 0.0798962
  8 0.075 3 0.239689
  9 0.085 1 0.0798962
  10 0.095 2 0.159792
  11 0.105 3 1.98404
  12 0.115 3 1.98404
  13 0.125 1 0.0798962
  14 0.135 2 1.03197
  15 0.145 5 3.01601
  16 0.155 2 0.159792
  17 0.165 1 0.952074
  18 0.175 1 0.0798962
  19 0.185 1 0.0798962
  20 0.195 1 0.952074
  21 0.205 2 0.159792
  22 0.215 2 1.03197
  23 0.225 4 0.319585
  24 0.235 0 0
  25 0.245 4 1.19176
  26 0.255 1 0.0798962
  27 0.265 1 0.0798962
  28 0.275 3 0.239689
  29 0.285 2 1.90415
  30 0.295 2 0.159792
  31 0.305 0 0
  32 0.315 0 0
  33 0.325 2 1.03197
  34 0.335 3 1.98404
  35 0.345 2 1.90415
  36 0.355 0 0
  37 0.365 1 0.0798962
  38 0.375 4 1.19176
  39 0.385 0 0
  40 0.395 2 0.159792
  41 0.405 1 0.0798962
  42 0.415 3 1.11187
  43 0.425 2 0.159792
  44 0.435 1 0.0798962
  45 0.445 3 1.98404
  46 0.455 0 0
  47 0.465 0 0
  48 0.475 0 0
  49 0.485 4 1.19176
  50 0.495 1 0.0798962
  51 0.505 2 1.03197
  52 0.515 2 0.159792
  53 0.525 5 0.399481
  54 0.535 1 0.0798962
  55 0.545 1 0.952074
  56 0.555 1 0.952074
  57 0.565 2 1.90415
  58 0.575 1 0.0798962
  59 0.585 3 1.11187
  60 0.595 2 1.03197
  61 0.605 2 1.03197
  62 0.615 3 1.11187
  63 0.625 0 0
  64 0.635 1 0.952074
  65 0.645 6 1.35155
  66 0.655 4 2.06394
  67 0.665 3 1.11187
  68 0.675 0 0
  69 0.685 5 1.27166
  70 0.695 1 0.0798962
  71 0.705 3 1.11187
  72 0.715 2 0.159792
  73 0.725 2 0.159792
  74 0.735 1 0.952074
  75 0.745 2 1.03197
  76 0.755 0 0
  77 0.765 0 0
  78 0.775 4 1.19176
  79 0.785 2 1.03197
  80 0.795 4 1.19176
  81 0.805 1 0.0798962
  82 0.815 0 0
  83 0.825 1 0.0798962
  84 0.835 3 2.85622
  85 0.845 3 0.239689
  86 0.855 1 0.0798962
  87 0.865 2 0.159792
  88 0.875 1 0.0798962
  89 0.885 2 1.03197
  90 0.895 2 1.03197
  91 0.905 1 0.0798962
  92 0.915 0 0
  93 0.925 4 2.06394
  94 0.935 1 0.0798962
  95 0.945 0 0
  96 0.955 2 1.03197
  97 0.965 1 0.952074
  98 0.975 2 0.159792
  99 0.985 3 0.239689
  100 0.995 2 0.159792
28000 100 186
  1 0.005 3 1.95981
  2 0.015 1 0.0789203
  3 0.025 2 1.01937
  4 0.035 1 0.0789203
  5 0.045 2 1.01937
  6 0.055 5 2.97918
  7 0.065 4 0.315681
  8 0.075 1 0.940445
  9 0.085 1 0.0789203
  10 0.095 4 2.90025
  11 0.105 5 1.25613
  12 0.115 2 0.157841
  13 0.125 1 0.0789203
  14 0.135 1 0.0789203
  15 0.145 1 0.0789203
  16 0.155 1 0.0789203
  17 0.165 1 0.940445
  18 0.175 2 1.88089
  19 0.185 4 1.17721
  20 0.195 3 1.09829
  21 0.205 2 1.01937
  22 0.215 1 0.0789203
  23 0.225 3 0.236761
  24 0.235 2 1.01937
  25 0.245 1 0.0789203
  26 0.255 2 1.01937
  27 0.265 5 2.11765
  28 0.275 1 0.0789203
  29 0.285 1 0.0789203
  30 0.295 2 1.01937
  31 0.305 2 0.157841
  32 0.315 3 1.09829
  33 0.325 0 0
  34 0.335 2 0.157841
  35 0.345 2 1.88089
  36 0.355 1 0.0789203
  37 0.365 2 1.01937
  38 0.375 1 0.940445
  39 0.385 2 0.157841
  40 0.395 0 0
  41 0.405 1 0.0789203
  42 0.415 4 1.17721
  43 0.425 2 0.157841
  44 0.435 1 0.940445
  45 0.445 1 0.0789203
  46 0.455 2 1.01937
  47 0.465 2 1.01937
  48 0.475 0 0
  49 0.485 0 0
  50 0.495 1 0.0789203
  51 0.505 0 0
  52 0.515 0 0
  53 0.525 4 1.17721
  54 0.535 1 0.0789203
  55 0.545 1 0.0789203
  56 0.555 2 0.157841
  57 0.565 2 1.88089
  58 0.575 0 0
  59 0.585 4 0.315681
  60 0.595 2 1.01937
  61 0.605 2 1.88089
  62 0.615 3 1.09829
  63 0.625 4 1.17721
  64 0.635 4 2.03873
  65 0.645 1 0.0789203
  66 0.655 3 1.09829
  67 0.665 1 0.0789203
  68 0.675 2 0.157841
  69 0.685 3 1.95981
  70 0.695 1 0.940445
  71 0.705 4 1.17721
  72 0.715 3 0.236761
  73 0.725 1 0.0789203
  74 0.735 2 1.01937
  75 0.745 1 0.940445
  76 0.755 1 0.0789203
  77 0.765 1 0.0789203
  78 0.775 3 1.09829
  79 0.785 1 0.940445
  80 0.795 4 1.17721
  81 0.805 2 1.01937
  82 0.815 0 0
  83 0.825 2 1.01937
  84 0.835 0 0
  85 0.845 2 0.157841
  86 0.855 2 0.157841
  87 0.865 4 1.17721
  88 0.875 0 0
  89 0.885 0 0
  90 0.895 1 0.0789203
  91 0.905 2 1.01937
  92 0.915 0 0
  93 0.925 1 0.0789203
  94 0.935 2 0.157841
  95 0.945 3 1.09829
  96 0.955 1 0.0789203
  97 0.965 5 2.97918
  98 0.975 1 0.0789203
  99 0.985 2 0.157841
  100 0.995 1 0.0789203
29000 100 186
  1 0.005 3 1.14365
  2 0.015 3 1.14365
  3 0.025 2 0.164361
  4 0.035 1 0.0821803
  5 0.045 4 1.22583
  6 0.055 0 0
  7 0.065 0 0
  8 0.075 5 2.20512
  9 0.085 1 0.979292
  10 0.095 3 1.14365
  11 0.105 0 0
  12 0.115 2 1.06147
  13 0.125 2 0.164361
  14 0.135 0 0
  15 0.145 2 0.164361
  16 0.155 1 0.0821803
  17 0.165 0 0
  18 0.175 4 3.02006
  19 0.185 1 0.0821803
  20 0.195 3 0.246541
  21 0.205 0 0
  22 0.215 6 0.493082
  23 0.225 1 0.0821803
  24 0.235 3 2.04076
  25 0.245 1 0.0821803
  26 0.255 3 1.14365
  27 0.265 4 0.328721
  28 0.275 7 5.95793
  29 0.285 2 1.95858
  30 0.295 0 0
  31 0.305 3 2.93788
  32 0.315 4 0.328721
  33 0.325 2 0.164361
  34 0.335 3 2.04076
  35 0.345 1 0.0821803
  36 0.355 4 1.22583
  37 0.365 1 0.0821803
  38 0.375 2 0.164361
  39 0.385 0 0
  40 0.395 1 0.0821803
  41 0.405 2 0.164361
  42 0.415 0 0
  43 0.425 2 1.06147
  44 0.435 1 0.0821803
  45 0.445 2 1.06147
  46 0.455 1 0.0821803
  47 0.465 2 0.164361
  48 0.475 2 0.164361
  49 0.485 0 0
  50 0.495 3 1.14365
  51 0.505 1 0.0821803
  52 0.515 0 0
  53 0.525 2 1.06147
  54 0.535 2 1.06147
  55 0.545 2 1.06147
  56 0.555 4 1.22583
  57 0.565 1 0.0821803
  58 0.575 4 1.22583
  59 0.585 2 1.95858
  60 0.595 1 0.979292
  61 0.605 4 1.22583
  62 0.615 1 0.979292
  63 0.625 0 0
  64 0.635 2 0.164361
  65 0.645 0 0
  66 0.655 1 0.0821803
  67 0.665 2 1.06147
  68 0.675 3 1.14365
  69 0.685 2 1.06147
  70 0.695 0 0
  71 0.705 1 0.0821803
  72 0.715 1 0.979292
  73 0.725 2 0.164361
  74 0.735 0 0
  75 0.745 6 0.493082
  76 0.755 2 1.06147
  77 0.765 0 0
  78 0.775 0 0
  79 0.785 0 0
  80 0.795 1 0.0821803
  81 0.805 5 1.30801
  82 0.815 1 0.979292
  83 0.825 0 0
  84 0.835 1 0.0821803
  85 0.845 0 0
  86 0.855 1 0.0821803
  87 0.865 0 0
  88 0.875 4 3.02006
  89 0.885 4 1.22583
  90 0.895 2 0.164361
  91 0.905 6 1.39019
  92 0.915 2 1.06147
  93 0.925 3 2.04076
  94 0.935 2 1.06147
  95 0.945 3 2.04076
  96 0.955 0 0
  97 0.965 3 1.14365
  98 0.975 1 0.0821803
  99 0.985 0 0
  100 0.995 1 0.0821803
30000 100 186
  1 0.005 2 1.0488
  2 0.015 3 2.01641
  3 0.025 1 0.0811995
  4 0.035 1 0.0811995
  5 0.045 2 0.162399
  6 0.055 1 0.0811995
  7 0.065 1 0.967604
  8 0.075 1 0.0811995
  9 0.085 2 0.162399
  10 0.095 2 0.162399
  11 0.105 1 0.967604
  12 0.115 2 1.93521
  13 0.125 2 0.162399
  14 0.135 0 0
  15 0.145 1 0.0811995
  16 0.155 2 1.0488
  17 0.165 0 0
  18 0.175 2 0.162399
  19 0.185 2 0.162399
  20 0.195 3 2.01641
  21 0.205 2 1.0488
  22 0.215 4 1.2112
  23 0.225 2 1.0488
  24 0.235 0 0
  25 0.245 1 0.0811995
  26 0.255 2 1.0488
  27 0.265 0 0
  28 0.275 2 1.0488
  29 0.285 7 2.34121
  30 0.295 1 0.0811995
  31 0.305 1 0.0811995
  32 0.315 2 0.162399
  33 0.325 1 0.967604
  34 0.335 4 1.2112
  35 0.345 2 0.162399
  36 0.355 3 2.90281
  37 0.365 5 2.17881
  38 0.375 2 0.162399
  39 0.385 1 0.0811995
  40 0.395 1 0.967604
  41 0.405 0 0
  42 0.415 1 0.0811995
  43 0.425 1 0.0811995
  44 0.435 2 0.162399
  45 0.445 3 2.90281
  46 0.455 2 1.0488
  47 0.465 2 0.162399
  48 0.475 1 0.967604
  49 0.485 3 0.243598
  50 0.495 1 0.0811995
  51 0.505 3 0.243598
  52 0.515 2 0.162399
  53 0.525 5 1.2924
  54 0.535 2 1.0488
  55 0.545 3 1.13
  56 0.555 2 1.0488
  57 0.565 3 1.13
  58 0.575 1 0.967604
  59 0.585 0 0
  60 0.595 2 1.93521
  61 0.605 1 0.0811995
  62 0.615 1 0.0811995
  63 0.625 3 1.13
  64 0.635 3 1.13
  65 0.645 1 0.0811995
  66 0.655 4 2.09761
  67 0.665 3 0.243598
  68 0.675 3 2.01641
  69 0.685 1 0.0811995
  70 0.695 0 0
  71 0.705 1 0.0811995
  72 0.715 3 1.13
  73 0.725 1 0.0811995
  74 0.735 0 0
  75 0.745 1 0.0811995
  76 0.755 0 0
  77 0.765 0 0
  78 0.775 2 0.162399
  79 0.785 4 1.2112
  80 0.795 1 0.0811995
  81 0.805 1 0.967604
  82 0.815 3 0.243598
  83 0.825 4 1.2112
  84 0.835 1 0.0811995
  85 0.845 4 2.98401
  86 0.855 4 1.2112
  87 0.865 1 0.0811995
  88 0.875 1 0.967604
  89 0.885 3 1.13
  90 0.895 1 0.0811995
  91 0.905 2 1.93521
  92 0.915 1 0.0811995
  93 0.925 2 1.0488
  94 0.935 4 2.09761
  95 0.945 1 0.0811995
  96 0.955 1 0.0811995
  97 0.965 3 0.243598
  98 0.975 2 1.0488
  99 0.985 1 0.0811995
  100 0.995 0 0
31000 100 186
  1 0.005 0 0
  2 0.015 2 1.82657
  3 0.025 1 0.913283
  4 0.035 0 0
  5 0.045 5 1.21985
  6 0.055 2 0.153282
  7 0.065 0 0
  8 0.075 2 0.989924
  9 0.085 4 0.306564
  10 0.095 3 1.90321
  11 0.105 3 1.06656
  12 0.115 0 0
  13 0.125 0 0
  14 0.135 2 0.989924
  15 0.145 2 0.989924
  16 0.155 2 0.989924
  17 0.165 4 1.14321
  18 0.175 1 0.913283
  19 0.185 2 0.153282
  20 0.195 2 0.153282
  21 0.205 0 0
  22 0.215 3 1.06656
  23 0.225 2 0.153282
  24 0.235 4 1.97985
  25 0.245 2 1.82657
  26 0.255 1 0.0766409
  27 0.265 5 0.383205
  28 0.275 1 0.0766409
  29 0.285 1 0.913283
  30 0.295 2 0.989924
  31 0.305 1 0.0766409
  32 0.315 5 2.05649
  33 0.325 4 2.81649
  34 0.335 0 0
  35 0.345 2 0.989924
  36 0.355 0 0
  37 0.365 3 0.229923
  38 0.375 2 0.153282
  39 0.385 1 0.913283
  40 0.395 3 0.229923
  41 0.405 0 0
  42 0.415 2 0.989924
  43 0.425 4 1.14321
  44 0.435 2 0.989924
  45 0.445 1 0.0766409
  46 0.455 0 0
  47 0.465 1 0.0766409
  48 0.475 1 0.913283
  49 0.485 0 0
  50 0.495 3 0.229923
  51 0.505 2 0.989924
  52 0.515 2 0.153282
  53 0.525 1 0.913283
  54 0.535 2 0.153282
  55 0.545 0 0
  56 0.555 2 0.989924
  57 0.565 0 0
  58 0.575 0 0
  59 0.585 0 0
  60 0.595 2 0.153282
  61 0.605 2 1.82657
  62 0.615 3 1.90321
  63 0.625 3 0.229923
  64 0.635 0 0
  65 0.645 2 0.153282
  66 0.655 2 0.153282
  67 0.665 0 0
  68 0.675 0 0
  69 0.685 3 1.06656
  70 0.695 3 1.06656
  71 0.705 3 1.06656
  72 0.715 2 0.989924
  73 0.725 4 0.306564
  74 0.735 2 0.153282
  75 0.745 4 1.97985
  76 0.755 3 1.90321
  77 0.765 4 1.97985
  78 0.775 3 1.06656
  79 0.785 1 0.913283
  80 0.795 0 0
  81 0.805 0 0
  82 0.815 2 0.153282
  83 0.825 3 0.229923
  84 0.835 0 0
  85 0.845 3 0.229923
  86 0.855 1 0.0766409
  87 0.865 3 1.90321
  88 0.875 3 1.06656
  89 0.885 1 0.913283
  90 0.895 1 0.0766409
  91 0.905 2 0.989924
  92 0.915 2 0.989924
  93 0.925 4 1.14321
  94 0.935 0 0
  95 0.945 3 1.06656
  96 0.955 0 0
  97 0.965 2 0.153282
  98 0.975 2 0.989924
  99 0.985 3 0.229923
  100 0.995 3 1.06656
32000 100 186
  1 0.005 2 1.06312
  2 0.015 3 1.14543
  3 0.025 1 0.0823079
  4 0.035 2 0.164616
  5 0.045 6 2.29086
  6 0.055 1 0.0823079
  7 0.065 2 0.164616
  8 0.075 0 0
  9 0.085 2 0.164616
  10 0.095 4 3.02475
  11 0.105 1 0.980812
  12 0.115 3 1.14543
  13 0.125 2 0.164616
  14 0.135 0 0
  15 0.145 1 0.0823079
  16 0.155 1 0.0823079
  17 0.165 0 0
  18 0.175 3 0.246924
  19 0.185 2 0.164616
  20 0.195 2 1.96162
  21 0.205 3 2.04393
  22 0.215 2 1.06312
  23 0.225 0 0
  24 0.235 2 0.164616
  25 0.245 3 2.04393
  26 0.255 2 0.164616
  27 0.265 1 0.0823079
  28 0.275 5 0.411539
  29 0.285 2 1.06312
  30 0.295 3 1.14543
  31 0.305 1 0.980812
  32 0.315 1 0.0823079
  33 0.325 3 1.14543
  34 0.335 1 0.980812
  35 0.345 5 1.31004
  36 0.355 1 0.980812
  37 0.365 1 0.0823079
  38 0.375 1 0.980812
  39 0.385 0 0
  40 0.395 2 1.06312
  41 0.405 1 0.0823079
  42 0.415 2 1.06312
  43 0.425 2 0.164616
  44 0.435 2 1.96162
  45 0.445 3 0.246924
  46 0.455 2 1.06312
  47 0.465 1 0.0823079
  48 0.475 2 0.164616
  49 0.485 1 0.980812
  50 0.495 0 0
  51 0.505 2 0.164616
  52 0.515 2 1.06312
  53 0.525 2 1.06312
  54 0.535 0 0
  55 0.545 3 0.246924
  56 0.555 2 1.06312
  57 0.565 0 0
  58 0.575 1 0.0823079
  59 0.585 1 0.0823079
  60 0.595 1 0.0823079
  61 0.605 2 1.06312
  62 0.615 2 1.06312
  63 0.625 1 0.0823079
  64 0.635 4 0.329232
  65 0.645 1 0.980812
  66 0.655 0 0
  67 0.665 0 0
  68 0.675 3 2.04393
  69 0.685 1 0.980812
  70 0.695 2 1.06312
  71 0.705 0 0
  72 0.715 3 0.246924
  73 0.725 3 1.14543
  74 0.735 1 0.0823079
  75 0.745 1 0.0823079
  76 0.755 2 0.164616
  77 0.765 1 0.0823079
  78 0.775 4 2.12624
  79 0.785 1 0.980812
  80 0.795 0 0
  81 0.805 1 0.0823079
  82 0.815 2 0.164616
  83 0.825 3 0.246924
  84 0.835 4 2.12624
  85 0.845 3 0.246924
  86 0.855 1 0.980812
  87 0.865 5 3.10705
  88 0.875 0 0
  89 0.885 3 1.14543
  90 0.895 0 0
  91 0.905 2 1.06312
  92 0.915 2 0.164616
  93 0.925 4 1.22774
  94 0.935 4 2.12624
  95 0.945 4 1.22774
  96 0.955 1 0.0823079
  97 0.965 4 3.02475
  98 0.975 2 0.164616
  99 0.985 1 0.0823079
  100 0.995 1 0.980812
33000 100 186
  1 0.005 1 0.0838172
  2 0.015 1 0.0838172
  3 0.025 1 0.0838172
  4 0.035 4 1.25025
  5 0.045 1 0.0838172
  6 0.055 4 0.335269
  7 0.065 2 1.08261
  8 0.075 1 0.0838172
  9 0.085 1 0.998798
  10 0.095 0 0
  11 0.105 2 0.167634
  12 0.115 3 0.251452
  13 0.125 2 1.08261
  14 0.135 4 3.08021
  15 0.145 2 0.167634
  16 0.155 2 1.08261
  17 0.165 1 0.0838172
  18 0.175 2 0.167634
  19 0.185 3 2.08141
  20 0.195 3 0.251452
  21 0.205 0 0
  22 0.215 2 1.9976
  23 0.225 1 0.998798
  24 0.235 2 1.08261
  25 0.245 3 1.16643
  26 0.255 5 1.33407
  27 0.265 2 0.167634
  28 0.275 1 0.0838172
  29 0.285 3 0.251452
  30 0.295 1 0.998798
  31 0.305 2 0.167634
  32 0.315 1 0.0838172
  33 0.325 2 1.9976
  34 0.335 0 0
  35 0.345 1 0.998798
  36 0.355 0 0
  37 0.365 5 2.24905
  38 0.375 0 0
  39 0.385 3 1.16643
  40 0.395 4 1.25025
  41 0.405 1 0.0838172
  42 0.415 0 0
  43 0.425 1 0.0838172
  44 0.435 1 0.998798
  45 0.445 2 0.167634
  46 0.455 2 1.08261
  47 0.465 0 0
  48 0.475 1 0.0838172
  49 0.485 1 0.0838172
  50 0.495 1 0.0838172
  51 0.505 2 0.167634
  52 0.515 2 1.08261
  53 0.525 0 0
  54 0.535 3 0.251452
  55 0.545 5 3.16403
  56 0.555 1 0.998798
  57 0.565 2 0.167634
  58 0.575 3 2.08141
  59 0.585 2 1.08261
  60 0.595 2 1.08261
  61 0.605 1 0.0838172
  62 0.615 1 0.0838172
  63 0.625 0 0
  64 0.635 1 0.0838172
  65 0.645 1 0.0838172
  66 0.655 3 1.16643
  67 0.665 1 0.998798
  68 0.675 1 0.0838172
  69 0.685 0 0
  70 0.695 1 0.0838172
  71 0.705 2 0.167634
  72 0.715 0 0
  73 0.725 2 0.167634
  74 0.735 1 0.0838172
  75 0.745 1 0.0838172
  76 0.755 2 1.08261
  77 0.765 4 1.25025
  78 0.775 1 0.0838172
  79 0.785 1 0.0838172
  80 0.795 3 2.08141
  81 0.805 1 0.0838172
  82 0.815 2 1.08261
  83 0.825 4 2.16523
  84 0.835 1 0.0838172
  85 0.845 1 0.0838172
  86 0.855 3 1.16643
  87 0.865 2 0.167634
  88 0.875 5 1.33407
  89 0.885 4 3.08021
  90 0.895 4 2.16523
  91 0.905 0 0
  92 0.915 4 1.25025
  93 0.925 0 0
  94 0.935 5 1.33407
  95 0.945 2 1.08261
  96 0.955 2 1.08261
  97 0.965 2 1.08261
  98 0.975 4 1.25025
  99 0.985 1 0.998798
  100 0.995 2 1.9976
34000 100 186
  1 0.005 3 2.01146
  2 0.015 3 1.12723
  3 0.025 1 0.0810004
  4 0.035 0 0
  5 0.045 2 0.162001
  6 0.055 0 0
  7 0.065 2 1.04623
  8 0.075 3 1.12723
  9 0.085 3 0.243001
  10 0.095 0 0
  11 0.105 1 0.0810004
  12 0.115 2 1.04623
  13 0.125 2 1.04623
  14 0.135 2 0.162001
  15 0.145 3 1.12723
  16 0.155 1 0.0810004
  17 0.165 2 1.04623
  18 0.175 1 0.0810004
  19 0.185 0 0
  20 0.195 0 0
  21 0.205 3 1.12723
  22 0.215 0 0
  23 0.225 2 1.93046
  24 0.235 2 1.04623
  25 0.245 1 0.0810004
  26 0.255 4 0.324001
  27 0.265 0 0
  28 0.275 1 0.965231
  29 0.285 4 1.20823
  30 0.295 4 1.20823
  31 0.305 3 1.12723
  32 0.315 3 0.243001
  33 0.325 0 0
  34 0.335 3 2.01146
  35 0.345 2 0.162001
  36 0.355 3 2.01146
  37 0.365 0 0
  38 0.375 2 0.162001
  39 0.385 2 1.04623
  40 0.395 2 1.04623
  41 0.405 3 2.01146
  42 0.415 3 1.12723
  43 0.425 4 0.324001
  44 0.435 0 0
  45 0.445 4 2.97669
  46 0.455 3 1.12723
  47 0.465 3 0.243001
  48 0.475 2 1.04623
  49 0.485 1 0.0810004
  50 0.495 2 1.04623
  51 0.505 1 0.0810004
  52 0.515 1 0.0810004
  53 0.525 2 0.162001
  54 0.535 0 0
  55 0.545 2 0.162001
  56 0.555 1 0.965231
  57 0.565 0 0
  58 0.575 1 0.0810004
  59 0.585 1 0.965231
  60 0.595 3 0.243001
  61 0.605 2 1.04623
  62 0.615 2 0.162001
  63 0.625 2 0.162001
  64 0.635 0 0
  65 0.645 3 0.243001
  66 0.655 1 0.0810004
  67 0.665 1 0.965231
  68 0.675 3 2.89569
  69 0.685 3 2.01146
  70 0.695 3 2.01146
  71 0.705 4 1.20823
  72 0.715 2 0.162001
  73 0.725 1 0.0810004
  74 0.735 1 0.0810004
  75 0.745 3 0.243001
  76 0.755 0 0
  77 0.765 2 1.04623
  78 0.775 0 0
  79 0.785 2 0.162001
  80 0.795 1 0.965231
  81 0.805 2 0.162001
  82 0.815 2 1.04623
  83 0.825 6 2.25446
  84 0.835 1 0.0810004
  85 0.845 1 0.0810004
  86 0.855 1 0.0810004
  87 0.865 1 0.0810004
  88 0.875 1 0.0810004
  89 0.885 0 0
  90 0.895 0 0
  91 0.905 7 4.10393
  92 0.915 3 1.12723
  93 0.925 1 0.0810004
  94 0.935 1 0.965231
  95 0.945 2 1.04623
  96 0.955 2 0.162001
  97 0.965 2 0.162001
  98 0.975 4 2.09246
  99 0.985 3 1.12723
  100 0.995 1 0.965231
35000 100 186
  1 0.005 2 0.162946
  2 0.015 4 1.21529
  3 0.025 2 1.05234
  4 0.035 0 0
  5 0.045 1 0.0814732
  6 0.055 1 0.970866
  7 0.065 0 0
  8 0.075 3 2.02321
  9 0.085 2 0.162946
  10 0.095 5 1.29676
  11 0.105 0 0
  12 0.115 3 1.13381
  13 0.125 4 1.21529
  14 0.135 3 1.13381
  15 0.145 4 2.10468
  16 0.155 1 0.970866
  17 0.165 0 0
  18 0.175 2 0.162946
  19 0.185 1 0.970866
  20 0.195 0 0
  21 0.205 1 0.0814732
  22 0.215 0 0
  23 0.225 2 0.162946
  24 0.235 1 0.0814732
  25 0.245 1 0.970866
  26 0.255 3 1.13381
  27 0.265 2 0.162946
  28 0.275 1 0.0814732
  29 0.285 3 1.13381
  30 0.295 3 0.24442
  31 0.305 0 0
  32 0.315 2 1.05234
  33 0.325 2 1.05234
  34 0.335 2 0.162946
  35 0.345 1 0.970866
  36 0.355 2 1.05234
  37 0.365 5 2.18615
  38 0.375 1 0.0814732
  39 0.385 2 0.162946
  40 0.395 2 0.162946
  41 0.405 0 0
  42 0.415 4 2.10468
  43 0.425 3 2.02321
  44 0.435 3 1.13381
  45 0.445 4 1.21529
  46 0.455 3 2.02321
  47 0.465 1 0.0814732
  48 0.475 3 1.13381
  49 0.485 2 0.162946
  50 0.495 4 2.99407
  51 0.505 1 0.970866
  52 0.515 2 0.162946
  53 0.525 2 1.05234
  54 0.535 1 0.0814732
  55 0.545 2 0.162946
  56 0.555 3 1.13381
  57 0.565 2 0.162946
  58 0.575 2 0.162946
  59 0.585 1 0.0814732
  60 0.595 1 0.0814732
  61 0.605 1 0.970866
  62 0.615 1 0.970866
  63 0.625 0 0
  64 0.635 0 0
  65 0.645 3 1.13381
  66 0.655 1 0.0814732
  67 0.665 3 0.24442
  68 0.675 1 0.0814732
  69 0.685 1 0.970866
  70 0.695 0 0
  71 0.705 1 0.970866
  72 0.715 1 0.0814732
  73 0.725 0 0
  74 0.735 4 2.10468
  75 0.745 1 0.0814732
  76 0.755 1 0.0814732
  77 0.765 1 0.0814732
  78 0.775 3 0.24442
  79 0.785 1 0.0814732
  80 0.795 3 2.02321
  81 0.805 0 0
  82 0.815 2 0.162946
  83 0.825 0 0
  84 0.835 4 1.21529
  85 0.845 2 1.94173
  86 0.855 3 2.02321
  87 0.865 6 0.488839
  88 0.875 3 1.13381
  89 0.885 1 0.0814732
  90 0.895 1 0.970866
  91 0.905 1 0.0814732
  92 0.915 1 0.970866
  93 0.925 1 0.970866
  94 0.935 1 0.0814732
  95 0.945 5 3.07555
  96 0.955 2 0.162946
  97 0.965 1 0.0814732
  98 0.975 3 1.13381
  99 0.985 2 1.05234
  100 0.995 2 0.162946
36000 100 186
  1 0.005 1 0.905526
  2 0.015 3 1.88704
  3 0.025 1 0.07599
  4 0.035 0 0
  5 0.045 1 0.905526
  6 0.055 3 1.88704
  7 0.065 2 0.981516
  8 0.075 5 0.37995
  9 0.085 4 1.1335
  10 0.095 4 1.96303
  11 0.105 2 0.15198
  12 0.115 2 0.981516
  13 0.125 1 0.905526
  14 0.135 0 0
  15 0.145 2 0.15198
  16 0.155 2 0.981516
  17 0.165 0 0
  18 0.175 4 1.1335
  19 0.185 0 0
  20 0.195 0 0
  21 0.205 3 1.05751
  22 0.215 2 0.981516
  23 0.225 1 0.07599
  24 0.235 1 0.07599
  25 0.245 2 0.15198
  26 0.255 1 0.07599
  27 0.265 3 0.22797
  28 0.275 3 1.88704
  29 0.285 0 0
  30 0.295 4 1.1335
  31 0.305 1 0.07599
  32 0.315 2 1.81105
  33 0.325 2 0.981516
  34 0.335 2 0.15198
  35 0.345 0 0
  36 0.355 0 0
  37 0.365 5 1.20949
  38 0.375 2 0.15198
  39 0.385 2 1.81105
  40 0.395 2 0.981516
  41 0.405 3 1.05751
  42 0.415 1 0.07599
  43 0.425 6 2.11501
  44 0.435 3 1.05751
  45 0.445 1 0.07599
  46 0.455 5 2.86856
  47 0.465 0 0
  48 0.475 3 1.05751
  49 0.485 2 0.15198
  50 0.495 0 0
  51 0.505 0 0
  52 0.515 1 0.905526
  53 0.525 2 0.981516
  54 0.535 5 2.03902
  55 0.545 3 0.22797
  56 0.555 1 0.07599
  57 0.565 3 1.88704
  58 0.575 1 0.905526
  59 0.585 1 0.07599
  60 0.595 2 0.15198
  61 0.605 2 0.15198
  62 0.615 1 0.07599
  63 0.625 2 0.981516
  64 0.635 1 0.07599
  65 0.645 0 0
  66 0.655 1 0.07599
  67 0.665 1 0.905526
  68 0.675 3 0.22797
  69 0.685 0 0
  70 0.695 1 0.07599
  71 0.705 1 0.07599
  72 0.715 0 0
  73 0.725 0 0
  74 0.735 2 0.981516
  75 0.745 0 0
  76 0.755 2 1.81105
  77 0.765 2 0.15198
  78 0.775 1 0.07599
  79 0.785 3 0.22797
  80 0.795 1 0.07599
  81 0.805 1 0.905526
  82 0.815 4 0.30396
  83 0.825 1 0.905526
  84 0.835 2 1.81105
  85 0.845 2 0.981516
  86 0.855 2 0.981516
  87 0.865 0 0
  88 0.875 3 1.05751
  89 0.885 4 0.30396
  90 0.895 3 1.05751
  91 0.905 0 0
  92 0.915 2 0.981516
  93 0.925 1 0.905526
  94 0.935 3 1.88704
  95 0.945 5 1.20949
  96 0.955 1 0.07599
  97 0.965 0 0
  98 0.975 4 0.30396
  99 0.985 3 1.05751
  100 0.995 3 0.22797
37000 100 186
  1 0.005 2 2.11043
  2 0.015 0 0
  3 0.025 2 0.177103
  4 0.035 2 0.177103
  5 0.045 3 1.23232
  6 0.055 3 2.19898
  7 0.065 4 1.32087
  8 0.075 4 0.354207
  9 0.085 1 1.05522
  10 0.095 0 0
  11 0.105 3 1.23232
  12 0.115 1 0.0885516
  13 0.125 1 1.05522
  14 0.135 3 1.23232
  15 0.145 1 0.0885516
  16 0.155 1 1.05522
  17 0.165 1 1.05522
  18 0.175 2 1.14377
  19 0.185 1 0.0885516
  20 0.195 3 0.265655
  21 0.205 1 0.0885516
  22 0.215 1 0.0885516
  23 0.225 2 0.177103
  24 0.235 0 0
  25 0.245 1 1.05522
  26 0.255 1 0.0885516
  27 0.265 1 1.05522
  28 0.275 0 0
  29 0.285 2 0.177103
  30 0.295 0 0
  31 0.305 4 0.354207
  32 0.315 0 0
  33 0.325 4 2.28753
  34 0.335 1 1.05522
  35 0.345 1 0.0885516
  36 0.355 0 0
  37 0.365 0 0
  38 0.375 3 1.23232
  39 0.385 1 1.05522
  40 0.395 3 0.265655
  41 0.405 4 0.354207
  42 0.415 0 0
  43 0.425 5 2.37609
  44 0.435 1 1.05522
  45 0.445 2 0.177103
  46 0.455 2 2.11043
  47 0.465 2 0.177103
  48 0.475 2 1.14377
  49 0.485 4 4.22086
  50 0.495 2 0.177103
  51 0.505 4 0.354207
  52 0.515 2 1.14377
  53 0.525 2 1.14377
  54 0.535 1 0.0885516
  55 0.545 4 1.32087
  56 0.555 0 0
  57 0.565 2 0.177103
  58 0.575 3 0.265655
  59 0.585 5 3.34275
  60 0.595 0 0
  61 0.605 2 1.14377
  62 0.615 1 1.05522
  63 0.625 2 1.14377
  64 0.635 1 0.0885516
  65 0.645 3 1.23232
  66 0.655 3 1.23232
  67 0.665 1 0.0885516
  68 0.675 3 0.265655
  69 0.685 2 0.177103
  70 0.695 1 0.0885516
  71 0.705 0 0
  72 0.715 0 0
  73 0.725 2 2.11043
  74 0.735 1 0.0885516
  75 0.745 1 1.05522
  76 0.755 1 0.0885516
  77 0.765 2 0.177103
  78 0.775 2 0.177103
  79 0.785 0 0
  80 0.795 1 0.0885516
  81 0.805 2 1.14377
  82 0.815 4 2.28753
  83 0.825 0 0
  84 0.835 2 0.177103
  85 0.845 1 0.0885516
  86 0.855 3 0.265655
  87 0.865 1 1.05522
  88 0.875 4 2.28753
  89 0.885 2 0.177103
  90 0.895 1 0.0885516
  91 0.905 1 1.05522
  92 0.915 3 0.265655
  93 0.925 4 3.2542
  94 0.935 3 1.23232
  95 0.945 4 1.32087
  96 0.955 1 1.05522
  97 0.965 4 2.28753
  98 0.975 1 0.0885516
  99 0.985 2 1.14377
  100 0.995 3 0.265655
38000 100 186
  1 0.005 2 2.02968
  2 0.015 1 1.01484
  3 0.025 2 0.170327
  4 0.035 2 1.1
  5 0.045 1 0.0851634
  6 0.055 3 2.11484
  7 0.065 3 1.18517
  8 0.075 3 0.25549
  9 0.085 3 0.25549
  10 0.095 2 1.1
  11 0.105 0 0
  12 0.115 4 2.20001
  13 0.125 1 0.0851634
  14 0.135 4 2.20001
  15 0.145 1 1.01484
  16 0.155 1 0.0851634
  17 0.165 2 0.170327
  18 0.175 3 0.25549
  19 0.185 4 1.27033
  20 0.195 2 2.02968
  21 0.205 0 0
  22 0.215 1 0.0851634
  23 0.225 0 0
  24 0.235 4 2.20001
  25 0.245 1 1.01484
  26 0.255 1 0.0851634
  27 0.265 3 1.18517
  28 0.275 2 0.170327
  29 0.285 2 0.170327
  30 0.295 2 0.170327
  31 0.305 4 1.27033
  32 0.315 1 0.0851634
  33 0.325 1 1.01484
  34 0.335 3 1.18517
  35 0.345 1 0.0851634
  36 0.355 1 0.0851634
  37 0.365 3 1.18517
  38 0.375 1 1.01484
  39 0.385 1 0.0851634
  40 0.395 1 0.0851634
  41 0.405 2 1.1
  42 0.415 4 1.27033
  43 0.425 3 3.04452
  44 0.435 4 1.27033
  45 0.445 2 0.170327
  46 0.455 1 0.0851634
  47 0.465 2 1.1
  48 0.475 1 1.01484
  49 0.485 3 2.11484
  50 0.495 1 0.0851634
  51 0.505 2 0.170327
  52 0.515 1 0.0851634
  53 0.525 5 3.21485
  54 0.535 1 0.0851634
  55 0.545 1 0.0851634
  56 0.555 2 0.170327
  57 0.565 3 0.25549
  58 0.575 1 0.0851634
  59 0.585 2 1.1
  60 0.595 3 1.18517
  61 0.605 2 1.1
  62 0.615 0 0
  63 0.625 2 1.1
  64 0.635 3 1.18517
  65 0.645 1 1.01484
  66 0.655 2 1.1
  67 0.665 2 0.170327
  68 0.675 2 0.170327
  69 0.685 0 0
  70 0.695 2 0.170327
  71 0.705 3 2.11484
  72 0.715 2 0.170327
  73 0.725 3 0.25549
  74 0.735 2 1.1
  75 0.745 2 1.1
  76 0.755 1 1.01484
  77 0.765 0 0
  78 0.775 3 0.25549
  79 0.785 1 1.01484
  80 0.795 2 1.1
  81 0.805 0 0
  82 0.815 0 0
  83 0.825 1 0.0851634
  84 0.835 1 0.0851634
  85 0.845 1 0.0851634
  86 0.855 0 0
  87 0.865 2 1.1
  88 0.875 2 1.1
  89 0.885 2 0.170327
  90 0.895 3 2.11484
  91 0.905 2 0.170327
  92 0.915 1 0.0851634
  93 0.925 0 0
  94 0.935 3 0.25549
  95 0.945 3 2.11484
  96 0.955 0 0
  97 0.965 2 1.1
  98 0.975 3 0.25549
  99 0.985 2 0.170327
  100 0.995 2 1.1
39000 100 186
  1 0.005 1 1.06124
  2 0.015 4 1.32841
  3 0.025 1 0.0890571
  4 0.035 2 0.178114
  5 0.045 1 0.0890571
  6 0.055 1 0.0890571
  7 0.065 3 2.21154
  8 0.075 1 0.0890571
  9 0.085 2 1.1503
  10 0.095 1 0.0890571
  11 0.105 1 0.0890571
  12 0.115 1 0.0890571
  13 0.125 3 2.21154
  14 0.135 1 0.0890571
  15 0.145 3 2.21154
  16 0.155 4 1.32841
  17 0.165 2 1.1503
  18 0.175 1 0.0890571
  19 0.185 3 1.23935
  20 0.195 0 0
  21 0.205 3 2.21154
  22 0.215 0 0
  23 0.225 4 1.32841
  24 0.235 3 1.23935
  25 0.245 1 0.0890571
  26 0.255 3 1.23935
  27 0.265 1 0.0890571
  28 0.275 3 1.23935
  29 0.285 1 0.0890571
  30 0.295 3 1.23935
  31 0.305 1 0.0890571
  32 0.315 1 0.0890571
  33 0.325 1 1.06124
  34 0.335 0 0
  35 0.345 3 0.267171
  36 0.355 4 2.30059
  37 0.365 3 1.23935
  38 0.375 0 0
  39 0.385 3 1.23935
  40 0.395 0 0
  41 0.405 2 1.1503
  42 0.415 3 0.267171
  43 0.425 0 0
  44 0.435 4 2.30059
  45 0.445 2 0.178114
  46 0.455 1 1.06124
  47 0.465 2 1.1503
  48 0.475 3 0.267171
  49 0.485 4 2.30059
  50 0.495 1 1.06124
  51 0.505 1 0.0890571
  52 0.515 0 0
  53 0.525 2 0.178114
  54 0.535 4 0.356229
  55 0.545 4 1.32841
  56 0.555 1 1.06124
  57 0.565 2 0.178114
  58 0.575 2 1.1503
  59 0.585 0 0
  60 0.595 3 2.21154
  61 0.605 3 0.267171
  62 0.615 2 1.1503
  63 0.625 3 2.21154
  64 0.635 3 1.23935
  65 0.645 3 2.21154
  66 0.655 3 1.23935
  67 0.665 1 0.0890571
  68 0.675 0 0
  69 0.685 3 1.23935
  70 0.695 0 0
  71 0.705 2 0.178114
  72 0.715 1 1.06124
  73 0.725 3 0.267171
  74 0.735 2 0.178114
  75 0.745 2 0.178114
  76 0.755 2 2.12248
  77 0.765 1 1.06124
  78 0.775 2 1.1503
  79 0.785 2 0.178114
  80 0.795 3 0.267171
  81 0.805 2 0.178114
  82 0.815 0 0
  83 0.825 3 1.23935
  84 0.835 1 1.06124
  85 0.845 0 0
  86 0.855 1 0.0890571
  87 0.865 2 1.1503
  88 0.875 0 0
  89 0.885 1 1.06124
  90 0.895 2 1.1503
  91 0.905 5 1.41747
  92 0.915 3 0.267171
  93 0.925 2 0.178114
  94 0.935 2 2.12248
  95 0.945 0 0
  96 0.955 0 0
  97 0.965 2 1.1503
  98 0.975 2 0.178114
  99 0.985 1 1.06124
  100 0.995 1 0.0890571
40000 100 186
  1 0.005 1 0.0765338
  2 0.015 4 1.97708
  3 0.025 3 1.06507
  4 0.035 1 0.0765338
  5 0.045 5 2.05361
  6 0.055 3 1.90055
  7 0.065 1 0.0765338
  8 0.075 0 0
  9 0.085 0 0
  10 0.095 2 0.153068
  11 0.105 2 0.98854
  12 0.115 3 0.229601
  13 0.125 2 0.98854
  14 0.135 2 0.153068
  15 0.145 2 1.82401
  16 0.155 4 1.14161
  17 0.165 3 1.06507
  18 0.175 3 1.06507
  19 0.185 4 2.81255
  20 0.195 0 0
  21 0.205 4 0.306135
  22 0.215 0 0
  23 0.225 2 0.98854
  24 0.235 4 0.306135
  25 0.245 1 0.912006
  26 0.255 6 3.80109
  27 0.265 4 1.14161
  28 0.275 2 0.153068
  29 0.285 1 0.0765338
  30 0.295 4 1.14161
  31 0.305 2 0.98854
  32 0.315 1 0.0765338
  33 0.325 0 0
  34 0.335 1 0.912006
  35 0.345 0 0
  36 0.355 6 2.13015
  37 0.365 2 0.98854
  38 0.375 2 0.153068
  39 0.385 0 0
  40 0.395 1 0.0765338
  41 0.405 3 0.229601
  42 0.415 1 0.0765338
  43 0.425 3 1.90055
  44 0.435 1 0.0765338
  45 0.445 2 0.98854
  46 0.455 1 0.0765338
  47 0.465 2 0.98854
  48 0.475 0 0
  49 0.485 2 0.153068
  50 0.495 0 0
  51 0.505 1 0.0765338
  52 0.515 2 0.153068
  53 0.525 2 0.153068
  54 0.535 4 1.97708
  55 0.545 1 0.0765338
  56 0.555 2 0.153068
  57 0.565 2 0.98854
  58 0.575 0 0
  59 0.585 1 0.912006
  60 0.595 3 1.90055
  61 0.605 2 0.98854
  62 0.615 2 0.98854
  63 0.625 5 1.21814
  64 0.635 1 0.0765338
  65 0.645 3 1.90055
  66 0.655 1 0.912006
  67 0.665 2 0.153068
  68 0.675 3 1.06507
  69 0.685 2 0.153068
  70 0.695 0 0
  71 0.705 2 0.98854
  72 0.715 0 0
  73 0.725 3 0.229601
  74 0.735 2 0.98854
  75 0.745 1 0.912006
  76 0.755 4 1.14161
  77 0.765 3 1.06507
  78 0.775 1 0.0765338
  79 0.785 2 0.153068
  80 0.795 2 0.98854
  81 0.805 0 0
  82 0.815 1 0.0765338
  83 0.825 1 0.0765338
  84 0.835 1 0.912006
  85 0.845 1 0.0765338
  86 0.855 0 0
  87 0.865 0 0
  88 0.875 3 1.06507
  89 0.885 1 0.0765338
  90 0.895 0 0
  91 0.905 3 1.90055
  92 0.915 2 0.153068
  93 0.925 2 0.153068
  94 0.935 1 0.912006
  95 0.945 1 0.0765338
  96 0.955 1 0.0765338
  97 0.965 1 0.912006
  98 0.975 1 0.912006
  99 0.985 1 0.0765338
  100 0.995 3 0.229601
